shape_id,shape_pt_lat,shape_pt_lon,shape_pt_sequence
1,37.22822273010028,-3.653594707250746,10001
1,37.22699826101264,-3.650772868660411,10002
1,37.22682175963319,-3.650419308979989,10003
1,37.22654245527155,-3.649948466239063,10004
1,37.22595557504555,-3.649117762926355,10005
1,37.22542971939648,-3.648515988594999,10006
1,37.2246643968779,-3.647806036579483,10007
1,37.22290598158628,-3.646151769718648,10008
1,37.2220774947146,-3.645440028158099,10009
1,37.22089874271548,-3.644577042983278,10010
1,37.22000433292315,-3.643957845563421,10011
1,37.21912241579189,-3.643377672494224,10012
1,37.2188498663343,-3.643147795207398,10013
1,37.21857137764743,-3.642829342311694,10014
1,37.21757190938562,-3.641593129338387,10015
1,37.21702362810029,-3.640912320438971,10016
1,37.21663698862956,-3.640407998814679,10017
1,37.21625380181884,-3.639938618571226,10018
1,37.21608794580739,-3.639662356992802,10019
1,37.21594287426992,-3.639372566750279,10020
1,37.215586480042,-3.638627257028311,10021
1,37.21539819280182,-3.638250462570316,10022
1,37.21524837351464,-3.637979073858613,10023
1,37.21509003592804,-3.637773731910607,10024
1,37.21484606866655,-3.637524697770638,10025
1,37.21456776189293,-3.63731085208335,10026
1,37.21367443652968,-3.636713815604415,10027
1,37.2131137756738,-3.636352261590426,10028
1,37.21252093109418,-3.635966817470885,10029
1,37.21229384085935,-3.635807790208196,10030
1,37.21212479710255,-3.635661794922665,10031
1,37.21202021469818,-3.635540386415388,10032
1,37.21166642421609,-3.635052781235505,10033
1,37.21150730914296,-3.634833253304431,10034
1,37.21117985027734,-3.634383237261441,10035
1,37.21057903012324,-3.63350389228182,10036
1,37.21040958160653,-3.63324233098245,10037
1,37.21029750580089,-3.633117107012207,10038
1,37.20974551161645,-3.63262439502182,10039
1,37.20923343219396,-3.632232221295666,10040
1,37.20889308827319,-3.632025873782849,10041
1,37.20856921220485,-3.631815229482917,10042
1,37.20824873989601,-3.631567041935223,10043
1,37.20803658558869,-3.631350690724596,10044
1,37.20774749077217,-3.631058307322147,10045
1,37.20734472133519,-3.630642383812024,10046
1,37.20705378744297,-3.630311094349841,10047
1,37.20673080000523,-3.629930732689313,10048
1,37.2064446663219,-3.62956699516762,10049
1,37.20625930463256,-3.62931044375035,10050
1,37.20605105623859,-3.62900090904843,10051
1,37.20567994877662,-3.628465565333262,10052
1,37.20552034374499,-3.628253715477015,10053
1,37.20522577857996,-3.627860733912195,10054
1,37.20497385666286,-3.627573047311443,10055
1,37.20485596846344,-3.627435867337463,10056
1,37.20471089832746,-3.627161538771469,10057
1,37.20451593299254,-3.626699906921673,10058
1,37.20413727009927,-3.626025869530412,10059
1,37.20403514798088,-3.625916472245661,10060
1,37.20382802207965,-3.625767701391125,10061
1,37.20336974874006,-3.62549332447166,10062
1,37.20300334060567,-3.625261951778965,10063
1,37.20242012206778,-3.62495082164303,10064
1,37.20158552634108,-3.624443452000651,10065
1,37.20133768681238,-3.624308233326113,10066
1,37.20122125694126,-3.624224782960156,10067
1,37.20110540677066,-3.624101922501419,10068
1,37.20102585486463,-3.623950382235054,10069
1,37.20099753690652,-3.62381357272914,10070
1,37.20099447211451,-3.623660750788658,10071
1,37.20103624356201,-3.623500273195364,10072
1,37.20110558173894,-3.623368669347195,10073
1,37.20190214514713,-3.622161560867252,10074
1,37.20290331288548,-3.620618199070589,10075
1,37.2045047358013,-3.618157828467596,10076
1,37.20455880996039,-3.61800156810117,10077
1,37.20456673701583,-3.617853767962622,10078
1,37.204524729103,-3.617708102652428,10079
1,37.20443940793541,-3.617564110573808,10080
1,37.20432163830332,-3.617468379551099,10081
1,37.2033847691633,-3.616563692373866,10082
1,37.20229702966738,-3.615520001586972,10083
1,37.20133686918414,-3.614572817152406,10084
1,37.20051559543458,-3.613737953923427,10085
1,37.20009451028613,-3.613328222862138,10086
1,37.19983155503157,-3.613039983541696,10087
1,37.19967011187042,-3.612907271961801,10088
1,37.19958244625276,-3.612854365753036,10089
1,37.19947237829394,-3.612819579084761,10090
1,37.19933533843872,-3.612821473354612,10091
1,37.19920060988448,-3.612881912114848,10092
1,37.19909324355007,-3.612993628865349,10093
1,37.19897185063959,-3.613139189414283,10094
1,37.19881642111154,-3.613346315287825,10095
1,37.19768569624843,-3.614810499289368,10096
1,37.19743610207806,-3.61511502239483,10097
1,37.19731007145906,-3.615265560492468,10098
1,37.19719685515216,-3.615355973516436,10099
1,37.19711883523126,-3.615410175949757,10100
1,37.19699472616128,-3.615471329352968,10101
1,37.19683644452313,-3.615516190823177,10102
1,37.19664290256211,-3.615519839380673,10103
1,37.19628395522622,-3.615523616130576,10104
1,37.19565265387966,-3.615499731429439,10105
1,37.19551322777321,-3.615472364001775,10106
1,37.19538137326622,-3.615436034563228,10107
1,37.19525649506637,-3.6153730236627,10108
1,37.19512385155981,-3.615266241049858,10109
1,37.19497580177159,-3.615193751378683,10110
1,37.19486229206994,-3.61515254946763,10111
1,37.19468822342765,-3.615128876258287,10112
1,37.19398633748543,-3.61511991983975,10113
1,37.19197019800222,-3.61503278453301,10114
1,37.19141250954706,-3.615023454727572,10115
1,37.19128598358057,-3.615019647232902,10116
1,37.19115516801189,-3.61501362478697,10117
1,37.19105091744354,-3.615001372277523,10118
1,37.1909488584183,-3.614960948521401,10119
1,37.1908223388841,-3.614878401483815,10120
1,37.1907034748827,-3.614799854108302,10121
1,37.19059391727887,-3.614746750593826,10122
1,37.19048370907103,-3.614691840355639,10123
1,37.19036061898278,-3.614688208841041,10124
1,37.18986755491009,-3.614679533775025,10125
1,37.18918475362942,-3.614712429579735,10126
1,37.18864886295042,-3.614742154291966,10127
1,37.18853600392272,-3.614745846867812,10128
1,37.18841052782214,-3.614751314613169,10129
1,37.18833927768471,-3.6147132220309,10130
1,37.18826670236555,-3.614677054434922,10131
1,37.18819171608048,-3.614575071320278,10132
1,37.18815803883984,-3.614505651381601,10133
1,37.18811576260835,-3.614361993159463,10134
1,37.18799656916458,-3.613968097573734,10135
1,37.18778364433376,-3.613209497390584,10136
1,37.18775713442695,-3.61302509878311,10137
1,37.18772927066284,-3.612898734583456,10138
1,37.18747291338954,-3.612043269735926,10139
1,37.18728728248616,-3.611384814386821,10140
1,37.18724670242515,-3.611193726544012,10141
1,37.18716772798658,-3.61092916108704,10142
1,37.18707205784671,-3.610658879921112,10143
1,37.18701191332068,-3.610462675910044,10144
1,37.18693681468756,-3.610222980193698,10145
1,37.18685320531819,-3.610017376258201,10146
1,37.18673667438693,-3.609776006340868,10147
1,37.18659740339243,-3.609463102132025,10148
1,37.18643924770081,-3.60916231146649,10149
1,37.1863457088707,-3.608959352219171,10150
1,37.1862742173567,-3.608819553967906,10151
1,37.18619171926354,-3.608708586954748,10152
1,37.18606512526577,-3.608639767895097,10153
1,37.18599298000073,-3.608630224879149,10154
1,37.18591537768783,-3.60864954134005,10155
1,37.18573230807866,-3.608704228972143,10156
1,37.18563667870734,-3.608740279536177,10157
1,37.18527868503188,-3.608816819439422,10158
1,37.18507832031704,-3.608863133379875,10159
1,37.18477471030039,-3.608876214331716,10160
1,37.18473155695865,-3.608872014167241,10161
1,37.18466648009043,-3.608857605906406,10162
1,37.18461272994159,-3.608836805320142,10163
1,37.18451981606734,-3.608778253185452,10164
1,37.1843628587163,-3.608674823409988,10165
1,37.1841911774046,-3.608554176328992,10166
1,37.18406629534829,-3.608458988746026,10167
1,37.18396199663467,-3.608383689592234,10168
1,37.18389645548405,-3.608337618068128,10169
1,37.18376984367893,-3.608251088086578,10170
1,37.18367510641001,-3.608221542683914,10171
1,37.18355625439327,-3.608216673038966,10172
1,37.18344150142658,-3.608246573518539,10173
1,37.18323139162938,-3.608312051591642,10174
1,37.1831108314237,-3.608355283995469,10175
1,37.18279701913664,-3.608459928965269,10176
1,37.18263850634222,-3.608515913787377,10177
1,37.18248999729477,-3.608566269419261,10178
1,37.18194957205608,-3.608741500007351,10179
1,37.18180199585027,-3.608797802743304,10180
1,37.18162858540338,-3.608846899025924,10181
1,37.18142285293847,-3.608920470686697,10182
1,37.18132212085055,-3.60894844984221,10183
1,37.18126106745613,-3.608953453243323,10184
1,37.18119263497189,-3.608943653496489,10185
1,37.18115174465827,-3.608917254427129,10186
1,37.18109274077486,-3.60887236386626,10187
1,37.18103204374548,-3.608791971017322,10188
1,37.18092284414191,-3.6086650253547,10189
1,37.18077388947171,-3.608449626630483,10190
1,37.18068066487702,-3.608318000716485,10191
1,37.18056400059684,-3.608165246565327,10192
1,37.18048208170291,-3.608063442526428,10193
1,37.18041454646739,-3.60796558855828,10194
1,37.18031799919301,-3.607867714247054,10195
1,37.18026229383678,-3.607812513308134,10196
1,37.18019072397451,-3.607790872453086,10197
1,37.18012728280056,-3.607770525743429,10198
1,37.18005859653883,-3.607767872122246,10199
1,37.17996643395741,-3.607784152351741,10200
1,37.17986491172381,-3.607809282970826,10201
1,37.17976238832427,-3.607894030853358,10202
1,37.17969131137141,-3.607974545476347,10203
1,37.17954137739869,-3.608153708587544,10204
1,37.17908083164167,-3.608699358497589,10205
1,37.17838352821281,-3.609539018643732,10206
1,37.17819376801698,-3.609830863270976,10207
1,37.17801440686776,-3.610260796988584,10208
1,37.1779463426109,-3.610388743940527,10209
1,37.17785344438323,-3.610471096975099,10210
1,37.17771636970166,-3.610460917673367,10211
1,37.17758293075963,-3.610435121877248,10212
1,37.1774235736712,-3.610356711946969,10213
1,37.17564694235813,-3.609237661988161,10214
1,37.17431028038089,-3.60844767890772,10215
1,37.17296913327767,-3.607593050020181,10216
1,37.17134526262083,-3.606586736322121,10217
1,37.17040349183424,-3.605981047567109,10218
1,37.16987087749786,-3.605638062088391,10219
1,37.16789473850208,-3.604453223252218,10220
1,37.16587764230737,-3.603237013945403,10221
1,37.16504352342447,-3.602741592356869,10222
1,37.16352892373067,-3.601775089716109,10223
1,37.16331089671017,-3.601672745867564,10224
1,37.16312794272077,-3.601574689731923,10225
1,37.16286018942274,-3.601395113096361,10226
1,37.16252821407991,-3.601201824755298,10227
1,37.16220905547429,-3.601005453212981,10228
1,37.16194517904933,-3.600855981158807,10229
1,37.16173617073797,-3.600715761214271,10230
1,37.16153661097341,-3.600522200645249,10231
1,37.16134910739778,-3.600259823825098,10232
1,37.16122376100498,-3.599982262972547,10233
1,37.16113398883962,-3.599630243946068,10234
1,37.16105932312483,-3.59904944845221,10235
1,37.16074120410936,-3.596626964073875,10236
1,37.16064281329989,-3.595837293322886,10237
1,37.1605854645649,-3.595363038436633,10238
1,37.16054071967541,-3.595264664664075,10239
1,37.16049626302761,-3.595166520817216,10240
1,37.16041001585371,-3.5950941435699,10241
1,37.1603379996063,-3.595076277752694,10242
1,37.16019897516419,-3.59511158685101,10243
1,37.15982493531815,-3.595216276803197,10244
1,37.1595363039803,-3.595289145124254,10245
1,37.15931876338987,-3.59532346805696,10246
1,37.1591393976806,-3.595356523897685,10247
1,37.15892208844331,-3.595372458853929,10248
1,37.15869863133626,-3.595401432288061,10249
1,37.15792310080827,-3.595451449349074,10250
1,37.15784708754296,-3.595455007499898,10251
1,37.1577417518022,-3.595448559681299,10252
1,37.15763073943487,-3.595414599068537,10253
1,37.1575387649458,-3.595356160833636,10254
1,37.15740228868788,-3.595250350572173,10255
1,37.15728241244684,-3.595157356662611,10256
1,37.15709567536216,-3.59501569365027,10257
1,37.15650978596153,-3.594504450560887,10258
1,37.15613627803041,-3.59420616863267,10259
1,37.15599802181044,-3.594099355533414,10260
1,37.15586306997356,-3.594015145521601,10261
1,37.15559907609142,-3.593836997148717,10262
1,37.15505544210058,-3.593467057220926,10263
1,37.15484490299885,-3.593323116392969,10264
1,37.15460466418894,-3.593146842125476,10265
1,37.15446755890111,-3.59304243792721,10266
1,37.1542112174098,-3.59280224546559,10267
1,37.15400855685724,-3.592621132308188,10268
1,37.15387861265024,-3.592494026708483,10269
1,37.15378033310547,-3.592433146216135,10270
1,37.15369604639983,-3.592391120828335,10271
1,37.15360594319971,-3.592372836540761,10272
1,37.15352208475377,-3.592370584320941,10273
1,37.15341123788323,-3.59237902997148,10274
1,37.15328513182379,-3.592442691967615,10275
1,37.15319660681625,-3.592508740087937,10276
1,37.15314129761573,-3.592566530411344,10277
1,37.15308516164739,-3.592637772492988,10278
1,37.15303691076404,-3.592736969372949,10279
1,37.15285935980613,-3.59305985354256,10280
1,37.15251406140558,-3.593670418981238,10281
1,37.15221955691311,-3.594222287744305,10282
1,37.15196817289291,-3.594676654967381,10283
1,37.15130950765507,-3.595856460240239,10284
1,37.15092839851485,-3.596531641336012,10285
1,37.15088006832583,-3.596639422414893,10286
1,37.15082779939195,-3.59672300308348,10287
1,37.15076466030597,-3.596822162251936,10288
1,37.15069139713106,-3.596901589220818,10289
1,37.15058391155836,-3.597024244298253,10290
1,37.15007807435389,-3.5975295897462,10291
1,37.14957417888928,-3.598042966083352,10292
1,37.14945727362947,-3.598159214523525,10293
1,37.14938237877365,-3.598243460270224,10294
1,37.14933341294859,-3.598325414096499,10295
1,37.14927640460856,-3.598458598998626,10296
1,37.14923455880028,-3.598604332797225,10297
1,37.14922594973216,-3.598795372993138,10298
1,37.14921294432869,-3.599664196744101,10299
1,37.14922807517581,-3.60032188467128,10300
1,37.14922507270646,-3.60183173054026,10301
1,37.14922934437786,-3.604488136891757,10302
1,37.14922478668824,-3.604690523709861,10303
1,37.14923127582267,-3.604817153020559,10304
1,37.14926534992788,-3.605020219356345,10305
1,37.14938715183313,-3.605699878759743,10306
1,37.14946807234202,-3.606079752068422,10307
1,37.1495052640248,-3.60625877101301,10308
1,37.14951916008454,-3.606347157948821,10309
1,37.1495337950342,-3.606439448223423,10310
1,37.14951631521014,-3.60653504938547,10311
1,37.14948550793565,-3.606629643797024,10312
1,37.14943333279921,-3.606691688445702,10313
1,37.14937221938001,-3.606778705227742,10314
1,37.14930938804812,-3.606822791214573,10315
1,37.1492089655001,-3.606858772499835,10316
1,37.14901572985751,-3.606912399754202,10317
1,37.14824913868716,-3.607136904560387,10318
1,37.14814470512032,-3.607168127985193,10319
1,37.14804211234442,-3.607228012356225,10320
1,37.14782127464508,-3.607405240080621,10321
1,37.14739435838161,-3.607829429670195,10322
1,37.1472063068872,-3.608025899313849,10323
1,37.14695153707211,-3.608224341792818,10324
1,37.14678938426773,-3.608332902043308,10325
1,37.14643408290169,-3.608539583026746,10326
1,37.14619703837791,-3.608680872492732,10327
1,37.14604936189689,-3.608768817944903,10328
1,37.14596611029078,-3.608842402799263,10329
1,37.14588974068212,-3.608932442082692,10330
1,37.1457974278575,-3.609081635860404,10331
1,37.14575462532743,-3.60919218216995,10332
1,37.14555035246876,-3.609904360081584,10333
1,37.14544543552158,-3.610291085751022,10334
1,37.14536736287319,-3.610538493300879,10335
1,37.14528156006488,-3.61078256932565,10336
1,37.1450964584499,-3.611076675382439,10337
1,37.14454297800466,-3.611790197217105,10338
1,37.14413291820971,-3.61233637223164,10339
1,37.14399353669646,-3.61251519711653,10340
1,37.14384943916328,-3.612696437971554,10341
1,37.14378392373978,-3.612825456013774,10342
1,37.14373814433944,-3.612958857296005,10343
1,37.14371401370133,-3.613086998271935,10344
1,37.14370581960792,-3.613267808801104,10345
1,37.14373770784943,-3.613515180465826,10346
1,37.14380735137309,-3.61367491625734,10347
1,37.14387053195976,-3.613794328472936,10348
1,37.14412017234417,-3.614332225729612,10349
1,37.14427966981889,-3.614646222036627,10350
1,37.14438930545408,-3.614814097494332,10351
1,37.14450783193949,-3.615013425981148,10352
1,37.14463957413848,-3.615272014863465,10353
1,37.14491514124686,-3.61586381803904,10354
1,37.14521709723892,-3.616462234165322,10355
1,37.14529742769611,-3.616627387027029,10356
1,37.14534130889282,-3.616708993190505,10357
1,37.14543378306802,-3.616827828357901,10358
1,37.14556411381373,-3.616938472928197,10359
1,37.14659813206533,-3.617689713190066,10360
1,37.14809803171243,-3.618730980925611,10361
1,37.14823755902439,-3.618850264026997,10362
1,37.14829805559851,-3.618934941122143,10363
1,37.14834208933235,-3.619062865896886,10364
1,37.14835511171045,-3.619168441781231,10365
1,37.14833699789838,-3.619275886138852,10366
1,37.14831733664346,-3.61937371324274,10367
1,37.14825224552914,-3.619505577456827,10368
1,37.148139153681,-3.61970150892178,10369
1,37.14782730792938,-3.620269400209905,10370
1,37.14713653736106,-3.621458817311385,10371
1,37.14699378738957,-3.621734123508424,10372
1,37.14684777669071,-3.621952697820055,10373
1,37.14674424684039,-3.622107396940868,10374
1,37.1466067139386,-3.622356053952159,10375
1,37.14636737742701,-3.622803055758609,10376
1,37.14630037215335,-3.622929851497427,10377
1,37.14618011164666,-3.623121467505018,10378
1,37.14608838920314,-3.623219099055862,10379
1,37.14563454342076,-3.623691759753723,10380
1,37.14482304315569,-3.624426713813254,10381
1,37.14442996437232,-3.624780280650323,10382
1,37.1441729609618,-3.625022155074053,10383
1,37.14408559631873,-3.625133329703315,10384
1,37.14403783431273,-3.625231550819476,10385
1,37.14400657186081,-3.625339420160655,10386
1,37.14399311923606,-3.62541876757946,10387
1,37.14394764920526,-3.625708932619686,10388
1,37.14391146217471,-3.625959903190371,10389
1,37.14386148351984,-3.626351503561331,10390
1,37.14377667739771,-3.626823841914821,10391
1,37.14370520640984,-3.62730763036771,10392
2,37.14370520640984,-3.62730763036771,20001
2,37.14377667739771,-3.626823841914821,20002
2,37.14386148351984,-3.626351503561331,20003
2,37.14391146217471,-3.625959903190371,20004
2,37.14394764920526,-3.625708932619686,20005
2,37.14399311923606,-3.62541876757946,20006
2,37.14400657186081,-3.625339420160655,20007
2,37.14403783431273,-3.625231550819476,20008
2,37.14408559631873,-3.625133329703315,20009
2,37.1441729609618,-3.625022155074053,20010
2,37.14442996437232,-3.624780280650323,20011
2,37.14482304315569,-3.624426713813254,20012
2,37.14563454342076,-3.623691759753723,20013
2,37.14608838920314,-3.623219099055862,20014
2,37.14618011164666,-3.623121467505018,20015
2,37.14630037215335,-3.622929851497427,20016
2,37.14636737742701,-3.622803055758609,20017
2,37.1466067139386,-3.622356053952159,20018
2,37.14674424684039,-3.622107396940868,20019
2,37.14684777669071,-3.621952697820055,20020
2,37.14699378738957,-3.621734123508424,20021
2,37.14713653736106,-3.621458817311385,20022
2,37.14782730792938,-3.620269400209905,20023
2,37.148139153681,-3.61970150892178,20024
2,37.14825224552914,-3.619505577456827,20025
2,37.14831733664346,-3.61937371324274,20026
2,37.14833699789838,-3.619275886138852,20027
2,37.14835511171045,-3.619168441781231,20028
2,37.14834208933235,-3.619062865896886,20029
2,37.14829805559851,-3.618934941122143,20030
2,37.14823755902439,-3.618850264026997,20031
2,37.14809803171243,-3.618730980925611,20032
2,37.14659813206533,-3.617689713190066,20033
2,37.14556411381373,-3.616938472928197,20034
2,37.14543378306802,-3.616827828357901,20035
2,37.14534130889282,-3.616708993190505,20036
2,37.14529742769611,-3.616627387027029,20037
2,37.14521709723892,-3.616462234165322,20038
2,37.14491514124686,-3.61586381803904,20039
2,37.14463957413848,-3.615272014863465,20040
2,37.14450783193949,-3.615013425981148,20041
2,37.14438930545408,-3.614814097494332,20042
2,37.14427966981889,-3.614646222036627,20043
2,37.14412017234417,-3.614332225729612,20044
2,37.14387053195976,-3.613794328472936,20045
2,37.14380735137309,-3.61367491625734,20046
2,37.14373770784943,-3.613515180465826,20047
2,37.14370581960792,-3.613267808801104,20048
2,37.14371401370133,-3.613086998271935,20049
2,37.14373814433944,-3.612958857296005,20050
2,37.14378392373978,-3.612825456013774,20051
2,37.14384943916328,-3.612696437971554,20052
2,37.14399353669646,-3.61251519711653,20053
2,37.14413291820971,-3.61233637223164,20054
2,37.14454297800466,-3.611790197217105,20055
2,37.1450964584499,-3.611076675382439,20056
2,37.14528156006488,-3.61078256932565,20057
2,37.14536736287319,-3.610538493300879,20058
2,37.14544543552158,-3.610291085751022,20059
2,37.14555035246876,-3.609904360081584,20060
2,37.14575462532743,-3.60919218216995,20061
2,37.1457974278575,-3.609081635860404,20062
2,37.14588974068212,-3.608932442082692,20063
2,37.14596611029078,-3.608842402799263,20064
2,37.14604936189689,-3.608768817944903,20065
2,37.14619703837791,-3.608680872492732,20066
2,37.14643408290169,-3.608539583026746,20067
2,37.14678938426773,-3.608332902043308,20068
2,37.14695153707211,-3.608224341792818,20069
2,37.1472063068872,-3.608025899313849,20070
2,37.14739435838161,-3.607829429670195,20071
2,37.14782127464508,-3.607405240080621,20072
2,37.14804211234442,-3.607228012356225,20073
2,37.14814470512032,-3.607168127985193,20074
2,37.14824913868716,-3.607136904560387,20075
2,37.14901572985751,-3.606912399754202,20076
2,37.1492089655001,-3.606858772499835,20077
2,37.14930938804812,-3.606822791214573,20078
2,37.14937221938001,-3.606778705227742,20079
2,37.14943333279921,-3.606691688445702,20080
2,37.14948550793565,-3.606629643797024,20081
2,37.14951631521014,-3.60653504938547,20082
2,37.1495337950342,-3.606439448223423,20083
2,37.14951916008454,-3.606347157948821,20084
2,37.1495052640248,-3.60625877101301,20085
2,37.14946807234202,-3.606079752068422,20086
2,37.14938715183313,-3.605699878759743,20087
2,37.14926534992788,-3.605020219356345,20088
2,37.14923127582267,-3.604817153020559,20089
2,37.14922478668824,-3.604690523709861,20090
2,37.14922934437786,-3.604488136891757,20091
2,37.14922507270646,-3.60183173054026,20092
2,37.14922807517581,-3.60032188467128,20093
2,37.14921294432869,-3.599664196744101,20094
2,37.14922594973216,-3.598795372993138,20095
2,37.14923455880028,-3.598604332797225,20096
2,37.14927640460856,-3.598458598998626,20097
2,37.14933341294859,-3.598325414096499,20098
2,37.14938237877365,-3.598243460270224,20099
2,37.14945727362947,-3.598159214523525,20100
2,37.14957417888928,-3.598042966083352,20101
2,37.15007807435389,-3.5975295897462,20102
2,37.15058391155836,-3.597024244298253,20103
2,37.15069139713106,-3.596901589220818,20104
2,37.15076466030597,-3.596822162251936,20105
2,37.15082779939195,-3.59672300308348,20106
2,37.15088006832583,-3.596639422414893,20107
2,37.15092839851485,-3.596531641336012,20108
2,37.15130950765507,-3.595856460240239,20109
2,37.15196817289291,-3.594676654967381,20110
2,37.15221955691311,-3.594222287744305,20111
2,37.15251406140558,-3.593670418981238,20112
2,37.15285935980613,-3.59305985354256,20113
2,37.15303691076404,-3.592736969372949,20114
2,37.15308516164739,-3.592637772492988,20115
2,37.15314129761573,-3.592566530411344,20116
2,37.15319660681625,-3.592508740087937,20117
2,37.15328513182379,-3.592442691967615,20118
2,37.15341123788323,-3.59237902997148,20119
2,37.15352208475377,-3.592370584320941,20120
2,37.15360594319971,-3.592372836540761,20121
2,37.15369604639983,-3.592391120828335,20122
2,37.15378033310547,-3.592433146216135,20123
2,37.15387861265024,-3.592494026708483,20124
2,37.15400855685724,-3.592621132308188,20125
2,37.1542112174098,-3.59280224546559,20126
2,37.15446755890111,-3.59304243792721,20127
2,37.15460466418894,-3.593146842125476,20128
2,37.15484490299885,-3.593323116392969,20129
2,37.15505544210058,-3.593467057220926,20130
2,37.15559907609142,-3.593836997148717,20131
2,37.15586306997356,-3.594015145521601,20132
2,37.15599802181044,-3.594099355533414,20133
2,37.15613627803041,-3.59420616863267,20134
2,37.15650978596153,-3.594504450560887,20135
2,37.15709567536216,-3.59501569365027,20136
2,37.15728241244684,-3.595157356662611,20137
2,37.15740228868788,-3.595250350572173,20138
2,37.1575387649458,-3.595356160833636,20139
2,37.15763073943487,-3.595414599068537,20140
2,37.1577417518022,-3.595448559681299,20141
2,37.15784708754296,-3.595455007499898,20142
2,37.15792310080827,-3.595451449349074,20143
2,37.15869863133626,-3.595401432288061,20144
2,37.15892208844331,-3.595372458853929,20145
2,37.1591393976806,-3.595356523897685,20146
2,37.15931876338987,-3.59532346805696,20147
2,37.1595363039803,-3.595289145124254,20148
2,37.15982493531815,-3.595216276803197,20149
2,37.16019897516419,-3.59511158685101,20150
2,37.1603379996063,-3.595076277752694,20151
2,37.16041001585371,-3.5950941435699,20152
2,37.16049626302761,-3.595166520817216,20153
2,37.16054071967541,-3.595264664664075,20154
2,37.1605854645649,-3.595363038436633,20155
2,37.16064281329989,-3.595837293322886,20156
2,37.16074120410936,-3.596626964073875,20157
2,37.16105932312483,-3.59904944845221,20158
2,37.16113398883962,-3.599630243946068,20159
2,37.16122376100498,-3.599982262972547,20160
2,37.16134910739778,-3.600259823825098,20161
2,37.16153661097341,-3.600522200645249,20162
2,37.16173617073797,-3.600715761214271,20163
2,37.16194517904933,-3.600855981158807,20164
2,37.16220905547429,-3.601005453212981,20165
2,37.16252821407991,-3.601201824755298,20166
2,37.16286018942274,-3.601395113096361,20167
2,37.16312794272077,-3.601574689731923,20168
2,37.16331089671017,-3.601672745867564,20169
2,37.16352892373067,-3.601775089716109,20170
2,37.16504352342447,-3.602741592356869,20171
2,37.16587764230737,-3.603237013945403,20172
2,37.16789473850208,-3.604453223252218,20173
2,37.16987087749786,-3.605638062088391,20174
2,37.17040349183424,-3.605981047567109,20175
2,37.17134526262083,-3.606586736322121,20176
2,37.17296913327767,-3.607593050020181,20177
2,37.17431028038089,-3.60844767890772,20178
2,37.17564694235813,-3.609237661988161,20179
2,37.1774235736712,-3.610356711946969,20180
2,37.17758293075963,-3.610435121877248,20181
2,37.17771636970166,-3.610460917673367,20182
2,37.17785344438323,-3.610471096975099,20183
2,37.1779463426109,-3.610388743940527,20184
2,37.17801440686776,-3.610260796988584,20185
2,37.17819376801698,-3.609830863270976,20186
2,37.17838352821281,-3.609539018643732,20187
2,37.17908083164167,-3.608699358497589,20188
2,37.17954137739869,-3.608153708587544,20189
2,37.17969131137141,-3.607974545476347,20190
2,37.17976238832427,-3.607894030853358,20191
2,37.17986491172381,-3.607809282970826,20192
2,37.17996643395741,-3.607784152351741,20193
2,37.18005859653883,-3.607767872122246,20194
2,37.18012728280056,-3.607770525743429,20195
2,37.18019072397451,-3.607790872453086,20196
2,37.18026229383678,-3.607812513308134,20197
2,37.18031799919301,-3.607867714247054,20198
2,37.18041454646739,-3.60796558855828,20199
2,37.18048208170291,-3.608063442526428,20200
2,37.18056400059684,-3.608165246565327,20201
2,37.18068066487702,-3.608318000716485,20202
2,37.18077388947171,-3.608449626630483,20203
2,37.18092284414191,-3.6086650253547,20204
2,37.18103204374548,-3.608791971017322,20205
2,37.18109274077486,-3.60887236386626,20206
2,37.18115174465827,-3.608917254427129,20207
2,37.18119263497189,-3.608943653496489,20208
2,37.18126106745613,-3.608953453243323,20209
2,37.18132212085055,-3.60894844984221,20210
2,37.18142285293847,-3.608920470686697,20211
2,37.18162858540338,-3.608846899025924,20212
2,37.18180199585027,-3.608797802743304,20213
2,37.18194957205608,-3.608741500007351,20214
2,37.18248999729477,-3.608566269419261,20215
2,37.18263850634222,-3.608515913787377,20216
2,37.18279701913664,-3.608459928965269,20217
2,37.1831108314237,-3.608355283995469,20218
2,37.18323139162938,-3.608312051591642,20219
2,37.18344150142658,-3.608246573518539,20220
2,37.18355625439327,-3.608216673038966,20221
2,37.18367510641001,-3.608221542683914,20222
2,37.18376984367893,-3.608251088086578,20223
2,37.18389645548405,-3.608337618068128,20224
2,37.18396199663467,-3.608383689592234,20225
2,37.18406629534829,-3.608458988746026,20226
2,37.1841911774046,-3.608554176328992,20227
2,37.1843628587163,-3.608674823409988,20228
2,37.18451981606734,-3.608778253185452,20229
2,37.18461272994159,-3.608836805320142,20230
2,37.18466648009043,-3.608857605906406,20231
2,37.18473155695865,-3.608872014167241,20232
2,37.18477471030039,-3.608876214331716,20233
2,37.18507832031704,-3.608863133379875,20234
2,37.18527868503188,-3.608816819439422,20235
2,37.18563667870734,-3.608740279536177,20236
2,37.18573230807866,-3.608704228972143,20237
2,37.18591537768783,-3.60864954134005,20238
2,37.18599298000073,-3.608630224879149,20239
2,37.18606512526577,-3.608639767895097,20240
2,37.18619171926354,-3.608708586954748,20241
2,37.1862742173567,-3.608819553967906,20242
2,37.1863457088707,-3.608959352219171,20243
2,37.18643924770081,-3.60916231146649,20244
2,37.18659740339243,-3.609463102132025,20245
2,37.18673667438693,-3.609776006340868,20246
2,37.18685320531819,-3.610017376258201,20247
2,37.18693681468756,-3.610222980193698,20248
2,37.18701191332068,-3.610462675910044,20249
2,37.18707205784671,-3.610658879921112,20250
2,37.18716772798658,-3.61092916108704,20251
2,37.18724670242515,-3.611193726544012,20252
2,37.18728728248616,-3.611384814386821,20253
2,37.18747291338954,-3.612043269735926,20254
2,37.18772927066284,-3.612898734583456,20255
2,37.18775713442695,-3.61302509878311,20256
2,37.18778364433376,-3.613209497390584,20257
2,37.18799656916458,-3.613968097573734,20258
2,37.18811576260835,-3.614361993159463,20259
2,37.18815803883984,-3.614505651381601,20260
2,37.18819171608048,-3.614575071320278,20261
2,37.18826670236555,-3.614677054434922,20262
2,37.18833927768471,-3.6147132220309,20263
2,37.18841052782214,-3.614751314613169,20264
2,37.18853600392272,-3.614745846867812,20265
2,37.18864886295042,-3.614742154291966,20266
2,37.18918475362942,-3.614712429579735,20267
2,37.18986755491009,-3.614679533775025,20268
2,37.19036061898278,-3.614688208841041,20269
2,37.19048370907103,-3.614691840355639,20270
2,37.19059391727887,-3.614746750593826,20271
2,37.1907034748827,-3.614799854108302,20272
2,37.1908223388841,-3.614878401483815,20273
2,37.1909488584183,-3.614960948521401,20274
2,37.19105091744354,-3.615001372277523,20275
2,37.19115516801189,-3.61501362478697,20276
2,37.19128598358057,-3.615019647232902,20277
2,37.19141250954706,-3.615023454727572,20278
2,37.19197019800222,-3.61503278453301,20279
2,37.19398633748543,-3.61511991983975,20280
2,37.19468822342765,-3.615128876258287,20281
2,37.19486229206994,-3.61515254946763,20282
2,37.19497580177159,-3.615193751378683,20283
2,37.19512385155981,-3.615266241049858,20284
2,37.19525649506637,-3.6153730236627,20285
2,37.19538137326622,-3.615436034563228,20286
2,37.19551322777321,-3.615472364001775,20287
2,37.19565265387966,-3.615499731429439,20288
2,37.19628395522622,-3.615523616130576,20289
2,37.19664290256211,-3.615519839380673,20290
2,37.19683644452313,-3.615516190823177,20291
2,37.19699472616128,-3.615471329352968,20292
2,37.19711883523126,-3.615410175949757,20293
2,37.19719685515216,-3.615355973516436,20294
2,37.19731007145906,-3.615265560492468,20295
2,37.19743610207806,-3.61511502239483,20296
2,37.19768569624843,-3.614810499289368,20297
2,37.19881642111154,-3.613346315287825,20298
2,37.19897185063959,-3.613139189414283,20299
2,37.19909324355007,-3.612993628865349,20300
2,37.19920060988448,-3.612881912114848,20301
2,37.19933533843872,-3.612821473354612,20302
2,37.19947237829394,-3.612819579084761,20303
2,37.19958244625276,-3.612854365753036,20304
2,37.19967011187042,-3.612907271961801,20305
2,37.19983155503157,-3.613039983541696,20306
2,37.20009451028613,-3.613328222862138,20307
2,37.20051559543458,-3.613737953923427,20308
2,37.20133686918414,-3.614572817152406,20309
2,37.20229702966738,-3.615520001586972,20310
2,37.2033847691633,-3.616563692373866,20311
2,37.20432163830332,-3.617468379551099,20312
2,37.20443940793541,-3.617564110573808,20313
2,37.204524729103,-3.617708102652428,20314
2,37.20456673701583,-3.617853767962622,20315
2,37.20455880996039,-3.61800156810117,20316
2,37.2045047358013,-3.618157828467596,20317
2,37.20290331288548,-3.620618199070589,20318
2,37.20190214514713,-3.622161560867252,20319
2,37.20110558173894,-3.623368669347195,20320
2,37.20103624356201,-3.623500273195364,20321
2,37.20099447211451,-3.623660750788658,20322
2,37.20099753690652,-3.62381357272914,20323
2,37.20102585486463,-3.623950382235054,20324
2,37.20110540677066,-3.624101922501419,20325
2,37.20122125694126,-3.624224782960156,20326
2,37.20133768681238,-3.624308233326113,20327
2,37.20158552634108,-3.624443452000651,20328
2,37.20242012206778,-3.62495082164303,20329
2,37.20300334060567,-3.625261951778965,20330
2,37.20336974874006,-3.62549332447166,20331
2,37.20382802207965,-3.625767701391125,20332
2,37.20403514798088,-3.625916472245661,20333
2,37.20413727009927,-3.626025869530412,20334
2,37.20451593299254,-3.626699906921673,20335
2,37.20471089832746,-3.627161538771469,20336
2,37.20485596846344,-3.627435867337463,20337
2,37.20497385666286,-3.627573047311443,20338
2,37.20522577857996,-3.627860733912195,20339
2,37.20552034374499,-3.628253715477015,20340
2,37.20567994877662,-3.628465565333262,20341
2,37.20605105623859,-3.62900090904843,20342
2,37.20625930463256,-3.62931044375035,20343
2,37.2064446663219,-3.62956699516762,20344
2,37.20673080000523,-3.629930732689313,20345
2,37.20705378744297,-3.630311094349841,20346
2,37.20734472133519,-3.630642383812024,20347
2,37.20774749077217,-3.631058307322147,20348
2,37.20803658558869,-3.631350690724596,20349
2,37.20824873989601,-3.631567041935223,20350
2,37.20856921220485,-3.631815229482917,20351
2,37.20889308827319,-3.632025873782849,20352
2,37.20923343219396,-3.632232221295666,20353
2,37.20974551161645,-3.63262439502182,20354
2,37.21029750580089,-3.633117107012207,20355
2,37.21040958160653,-3.63324233098245,20356
2,37.21057903012324,-3.63350389228182,20357
2,37.21117985027734,-3.634383237261441,20358
2,37.21150730914296,-3.634833253304431,20359
2,37.21166642421609,-3.635052781235505,20360
2,37.21202021469818,-3.635540386415388,20361
2,37.21212479710255,-3.635661794922665,20362
2,37.21229384085935,-3.635807790208196,20363
2,37.21252093109418,-3.635966817470885,20364
2,37.2131137756738,-3.636352261590426,20365
2,37.21367443652968,-3.636713815604415,20366
2,37.21456776189293,-3.63731085208335,20367
2,37.21484606866655,-3.637524697770638,20368
2,37.21509003592804,-3.637773731910607,20369
2,37.21524837351464,-3.637979073858613,20370
2,37.21539819280182,-3.638250462570316,20371
2,37.215586480042,-3.638627257028311,20372
2,37.21594287426992,-3.639372566750279,20373
2,37.21608794580739,-3.639662356992802,20374
2,37.21625380181884,-3.639938618571226,20375
2,37.21663698862956,-3.640407998814679,20376
2,37.21702362810029,-3.640912320438971,20377
2,37.21757190938562,-3.641593129338387,20378
2,37.21857137764743,-3.642829342311694,20379
2,37.2188498663343,-3.643147795207398,20380
2,37.21912241579189,-3.643377672494224,20381
2,37.22000433292315,-3.643957845563421,20382
2,37.22089874271548,-3.644577042983278,20383
2,37.2220774947146,-3.645440028158099,20384
2,37.22290598158628,-3.646151769718648,20385
2,37.2246643968779,-3.647806036579483,20386
2,37.22542971939648,-3.648515988594999,20387
2,37.22595557504555,-3.649117762926355,20388
2,37.22654245527155,-3.649948466239063,20389
2,37.22682175963319,-3.650419308979989,20390
2,37.22699826101264,-3.650772868660411,20391
2,37.22822273010028,-3.653594707250746,20392
