service_id,monday,tuesday,wednesday,thursday,friday,saturday,sunday,start_date,end_date
1_107_1471_10_268_1,1,1,1,1,1,0,0,20200914,20260630
1_108_1474_10_268_2,0,0,0,0,0,1,0,20200914,20260630
1_109_1476_10_268_3,0,0,0,0,0,0,1,20200914,20260630
1_111_163_10_267_2,0,0,0,0,0,1,0,20250901,20260630
1_112_164_10_267_3,0,0,0,0,0,0,1,20250901,20260630
1_116_1477_10_414_1,1,1,1,1,1,0,0,20200914,20260630
1_129_1468_10_263_1,1,1,1,1,1,0,0,20250901,20260630
1_129_1468_10_442_1,1,1,1,1,1,0,0,20250901,20260630
1_130_1469_10_263_2,0,0,0,0,0,1,0,20250901,20260630
1_131_1470_10_263_3,0,0,0,0,0,0,1,20250901,20260630
1_181_176_10_277_1,1,1,1,1,1,0,0,20250901,20260630
1_290_1464_13_475_1,1,1,1,1,1,0,0,20220701,20260630
1_297_178_10_277_3,0,0,0,0,0,0,1,20250901,20260630
1_311_404_10_276_1,1,1,1,1,1,0,0,20250901,20260630
1_315_408_10_264_1,1,1,1,1,1,0,0,20200914,20260630
1_315_760_10_265_1,1,1,1,1,1,0,0,20200914,20260630
1_383_1466_10_290_1,1,1,1,1,1,0,0,20250901,20260630
1_384_1467_10_291_1,1,1,1,1,1,0,0,20250901,20260630
1_386_482_10_419_1,1,1,1,1,1,0,0,20250901,20260630
1_386_1047_10_272_1,1,1,1,1,1,0,0,20250901,20260630
1_392_487_10_273_1,1,1,1,1,1,0,0,20250901,20260630
1_392_487_10_420_1,1,1,1,1,1,0,0,20250901,20260630
1_600_683_10_490_1,1,1,1,1,1,0,0,20200914,20260630
1_601_682_6_489_1,1,1,1,1,1,0,0,20200914,20260630
1_602_684_10_492_1,1,1,1,1,1,0,0,20200914,20260630
1_603_685_6_492_1,1,1,1,1,1,0,0,20200914,20260630
1_631_717_24_239_1,1,1,1,1,1,0,0,20240901,20260630
1_632_718_24_239_4,0,0,0,0,0,1,1,20240901,20260630
1_637_724_24_243_1,1,1,1,1,1,0,0,20250901,20260630
1_637_724_24_416_1,1,1,1,1,1,0,0,20250901,20260630
1_638_725_24_243_4,0,0,0,0,0,1,1,20250901,20260630
1_639_726_24_244_1,1,1,1,1,1,0,0,20250901,20260630
1_639_726_24_245_1,1,1,1,1,1,0,0,20250901,20260630
1_640_727_24_245_4,0,0,0,0,0,1,1,20250901,20260630
1_642_1338_24_247_2,0,0,0,0,0,1,0,20250901,20260630
1_683_757_10_499_1,1,1,1,1,1,0,0,20200914,20260630
1_685_759_9_501_1,1,1,1,1,1,0,0,20250901,20260630
1_688_763_10_502_1,1,1,1,1,1,0,0,20200914,20260630
1_692_769_10_436_1,1,1,1,1,1,0,0,20250901,20260630
1_742_231_13_302_2,0,0,0,0,0,1,0,20250901,20260630
1_742_1462_13_259_2,0,0,0,0,0,1,0,20250901,20260630
1_742_1462_13_260_2,0,0,0,0,0,1,0,20250901,20260630
1_743_1463_13_259_3,0,0,0,0,0,0,1,20250901,20260630
1_747_1498_13_300_1,1,1,1,1,1,0,0,20250901,20260630
1_788_1079_10_267_1,1,1,1,1,1,0,0,20250901,20260630
1_800_1109_24_240_1,1,1,1,1,1,0,0,20250901,20260630
1_800_1109_24_241_1,1,1,1,1,1,0,0,20250901,20260630
1_804_1103_9_498_1,1,1,1,1,1,0,0,20210906,20260630
1_805_1104_9_498_2,0,0,0,0,0,1,0,20210906,20260630
1_806_1105_9_498_3,0,0,0,0,0,0,1,20210906,20260630
1_851_722_24_242_1,1,1,1,1,1,0,0,20250901,20260630
1_859_731_24_417_1,1,1,1,1,1,0,0,20250901,20260630
1_859_731_24_500_1,1,1,1,1,1,0,0,20250901,20260630
1_859_1231_24_247_1,1,1,1,1,1,0,0,20250901,20260630
1_860_1232_24_247_3,0,0,0,0,0,0,1,20250901,20260630
1_864_1242_24_240_4,0,0,0,0,0,1,1,20250901,20260630
1_864_1242_24_241_4,0,0,0,0,0,1,1,20250901,20260630
1_865_1243_10_277_2,0,0,0,0,0,1,0,20250901,20260630
1_866_1253_9_212_9,1,1,1,1,0,0,0,20250901,20260630
1_866_1253_9_213_9,1,1,1,1,0,0,0,20250901,20260630
1_866_1254_9_212_5,0,0,0,0,1,0,0,20250901,20260630
1_866_1254_9_213_5,0,0,0,0,1,0,0,20250901,20260630
1_867_1255_9_212_2,0,0,0,0,0,1,0,20250901,20260630
1_868_1256_9_212_3,0,0,0,0,0,0,1,20250901,20260630
1_869_1247_9_220_1,1,1,1,1,1,0,0,20250901,20260630
1_869_1247_9_221_1,1,1,1,1,1,0,0,20250901,20260630
1_869_1247_9_222_1,1,1,1,1,1,0,0,20250901,20260630
1_869_1247_9_460_1,1,1,1,1,1,0,0,20250901,20260630
1_869_1247_9_461_1,1,1,1,1,1,0,0,20250901,20260630
1_869_1259_9_204_1,1,1,1,1,1,0,0,20250901,20260630
1_869_1259_9_466_1,1,1,1,1,1,0,0,20250901,20260630
1_869_1262_9_206_1,1,1,1,1,1,0,0,20250901,20260630
1_869_1262_9_207_1,1,1,1,1,1,0,0,20250901,20260630
1_869_1265_9_208_1,1,1,1,1,1,0,0,20250901,20260630
1_869_1265_9_209_1,1,1,1,1,1,0,0,20250901,20260630
1_869_1269_9_217_1,1,1,1,1,1,0,0,20250901,20260630
1_869_1272_9_210_1,1,1,1,1,1,0,0,20250901,20260630
1_870_1257_9_220_2,0,0,0,0,0,1,0,20250901,20260630
1_870_1257_9_221_2,0,0,0,0,0,1,0,20250901,20260630
1_870_1257_9_222_2,0,0,0,0,0,1,0,20250901,20260630
1_870_1260_9_204_2,0,0,0,0,0,1,0,20250901,20260630
1_870_1263_9_206_2,0,0,0,0,0,1,0,20250901,20260630
1_870_1270_9_217_2,0,0,0,0,0,1,0,20250901,20260630
1_870_1273_9_210_2,0,0,0,0,0,1,0,20250901,20260630
1_870_1273_9_211_2,0,0,0,0,0,1,0,20250901,20260630
1_871_1258_9_220_3,0,0,0,0,0,0,1,20250901,20260630
1_871_1258_9_221_3,0,0,0,0,0,0,1,20250901,20260630
1_871_1258_9_222_3,0,0,0,0,0,0,1,20250901,20260630
1_871_1261_9_204_3,0,0,0,0,0,0,1,20250901,20260630
1_871_1264_9_206_3,0,0,0,0,0,0,1,20250901,20260630
1_871_1271_9_217_3,0,0,0,0,0,0,1,20250901,20260630
1_871_1504_9_210_3,0,0,0,0,0,0,1,20250901,20260630
1_871_1504_9_211_3,0,0,0,0,0,0,1,20250901,20260630
1_872_1506_9_214_11,0,1,1,1,0,0,0,20250901,20260630
1_872_1506_9_438_11,0,1,1,1,0,0,0,20250901,20260630
1_872_1506_9_467_11,0,1,1,1,0,0,0,20250901,20260630
1_872_1507_9_214_8,1,0,0,0,0,0,0,20250901,20260630
1_872_1507_9_438_8,1,0,0,0,0,0,0,20250901,20260630
1_872_1507_9_467_8,1,0,0,0,0,0,0,20250901,20260630
1_872_1508_9_214_5,0,0,0,0,1,0,0,20250901,20260630
1_872_1508_9_438_5,0,0,0,0,1,0,0,20250901,20260630
1_872_1508_9_467_5,0,0,0,0,1,0,0,20250901,20260630
1_872_1508_9_468_5,0,0,0,0,1,0,0,20250901,20260630
1_873_1268_9_216_2,0,0,0,0,0,1,0,20250901,20260630
1_873_1509_9_214_2,0,0,0,0,0,1,0,20250901,20260630
1_873_1509_9_467_2,0,0,0,0,0,1,0,20250901,20260630
1_873_1509_9_468_2,0,0,0,0,0,1,0,20250901,20260630
1_874_1510_9_214_3,0,0,0,0,0,0,1,20250901,20260630
1_874_1510_9_467_3,0,0,0,0,0,0,1,20250901,20260630
1_874_1510_9_468_3,0,0,0,0,0,0,1,20250901,20260630
1_876_1502_13_299_2,0,0,0,0,0,1,0,20250901,20260630
1_876_1502_13_448_2,0,0,0,0,0,1,0,20250901,20260630
1_877_1503_13_299_3,0,0,0,0,0,0,1,20250901,20260630
1_877_1503_13_448_3,0,0,0,0,0,0,1,20250901,20260630
1_879_1285_6_232_2,0,0,0,0,0,1,0,20250901,20260630
1_879_1289_6_425_2,0,0,0,0,0,1,0,20250901,20260630
1_879_1289_6_427_2,0,0,0,0,0,1,0,20250901,20260630
1_879_1289_6_428_2,0,0,0,0,0,1,0,20250901,20260630
1_879_1294_6_234_2,0,0,0,0,0,1,0,20250901,20260630
1_879_1296_6_233_2,0,0,0,0,0,1,0,20250901,20260630
1_880_1286_6_232_3,0,0,0,0,0,0,1,20250901,20260630
1_880_1290_6_425_3,0,0,0,0,0,0,1,20250901,20260630
1_880_1290_6_427_3,0,0,0,0,0,0,1,20250901,20260630
1_880_1295_6_234_3,0,0,0,0,0,0,1,20250901,20260630
1_881_1291_17_238_1,1,1,1,1,1,0,0,20250901,20260630
1_885_1297_13_306_1,1,1,1,1,1,0,0,20250901,20260630
1_885_1299_13_308_1,1,1,1,1,1,0,0,20250901,20260630
1_885_1299_13_311_1,1,1,1,1,1,0,0,20250901,20260630
1_885_1302_13_314_1,1,1,1,1,1,0,0,20250901,20260630
1_887_1301_13_308_3,0,0,0,0,0,0,1,20250901,20260630
1_887_1301_13_309_3,0,0,0,0,0,0,1,20250901,20260630
1_887_1304_13_314_3,0,0,0,0,0,0,1,20250901,20260630
1_888_1512_10_286_1,1,1,1,1,1,0,0,20250901,20260630
1_888_1523_10_441_1,1,1,1,1,1,0,0,20250901,20260630
1_888_1524_10_278_1,1,1,1,1,1,0,0,20250901,20260630
1_888_1524_10_279_1,1,1,1,1,1,0,0,20250901,20260630
1_888_1524_10_282_1,1,1,1,1,1,0,0,20250901,20260630
1_888_1524_10_283_1,1,1,1,1,1,0,0,20250901,20260630
1_888_1524_10_284_1,1,1,1,1,1,0,0,20250901,20260630
1_889_1306_10_286_2,0,0,0,0,0,1,0,20250901,20260630
1_889_1525_10_279_2,0,0,0,0,0,1,0,20250901,20260630
1_889_1525_10_281_2,0,0,0,0,0,1,0,20250901,20260630
1_889_1525_10_282_2,0,0,0,0,0,1,0,20250901,20260630
1_889_1525_10_284_2,0,0,0,0,0,1,0,20250901,20260630
1_890_1307_10_286_12,0,0,0,0,0,0,1,20250901,20260630
1_890_1484_10_286_13,0,0,0,0,0,0,0,20250901,20260630
1_890_1526_10_279_3,0,0,0,0,0,0,1,20250901,20260630
1_890_1526_10_282_3,0,0,0,0,0,0,1,20250901,20260630
1_890_1526_10_284_3,0,0,0,0,0,0,1,20250901,20260630
1_894_1318_9_218_9,1,1,1,1,0,0,0,20250901,20260630
1_894_1318_9_434_9,1,1,1,1,0,0,0,20250901,20260630
1_894_1319_9_218_5,0,0,0,0,1,0,0,20250901,20260630
1_894_1319_9_434_5,0,0,0,0,1,0,0,20250901,20260630
1_894_1322_9_219_9,1,1,1,1,0,0,0,20250901,20260630
1_894_1322_9_429_9,1,1,1,1,0,0,0,20250901,20260630
1_894_1322_9_432_9,1,1,1,1,0,0,0,20250901,20260630
1_894_1323_9_219_5,0,0,0,0,1,0,0,20250901,20260630
1_894_1323_9_429_5,0,0,0,0,1,0,0,20250901,20260630
1_894_1323_9_432_5,0,0,0,0,1,0,0,20250901,20260630
1_895_1320_9_218_2,0,0,0,0,0,1,0,20250901,20260630
1_895_1320_9_434_2,0,0,0,0,0,1,0,20250901,20260630
1_895_1324_9_429_2,0,0,0,0,0,1,0,20250901,20260630
1_895_1324_9_432_2,0,0,0,0,0,1,0,20250901,20260630
1_896_1321_9_434_3,0,0,0,0,0,0,1,20250901,20260630
1_897_1325_10_272_2,0,0,0,0,0,1,0,20250901,20260630
1_897_1325_10_419_2,0,0,0,0,0,1,0,20250901,20260630
1_898_1326_10_272_12,0,0,0,0,0,0,1,20250901,20260630
1_898_1326_10_419_12,0,0,0,0,0,0,1,20250901,20260630
1_898_1483_10_272_13,0,0,0,0,0,0,0,20250901,20260630
1_898_1483_10_419_13,0,0,0,0,0,0,0,20250901,20260630
1_899_1327_10_273_2,0,0,0,0,0,1,0,20250901,20260630
1_900_489_10_273_3,0,0,0,0,0,0,1,20250901,20260630
1_901_420_10_271_4,0,0,0,0,0,1,1,20211018,20260630
1_903_1330_10_287_2,0,0,0,0,0,1,0,20250901,20260630
1_903_1330_10_409_2,0,0,0,0,0,1,0,20250901,20260630
1_903_1487_10_289_2,0,0,0,0,0,1,0,20250901,20260630
1_904_991_10_289_12,0,0,0,0,0,0,1,20250901,20260630
1_904_1331_10_287_3,0,0,0,0,0,0,1,20250901,20260630
1_904_1331_10_409_3,0,0,0,0,0,0,1,20250901,20260630
1_904_1486_10_289_13,0,0,0,0,0,0,0,20250901,20260630
1_905_1333_10_250_1,1,1,1,1,1,0,0,20250915,20260712
1_905_1333_10_251_1,1,1,1,1,1,0,0,20250915,20260712
1_905_1333_10_254_1,1,1,1,1,1,0,0,20250915,20260712
1_905_1333_10_493_1,1,1,1,1,1,0,0,20250915,20260712
1_906_1334_10_251_2,0,0,0,0,0,1,0,20230918,20260712
1_906_1334_10_252_2,0,0,0,0,0,1,0,20230918,20260712
1_906_1334_10_253_2,0,0,0,0,0,1,0,20230918,20260712
1_906_1334_10_255_2,0,0,0,0,0,1,0,20230918,20260712
1_907_1335_10_251_3,0,0,0,0,0,0,1,20230918,20260712
1_907_1335_10_252_3,0,0,0,0,0,0,1,20230918,20260712
1_907_1335_10_253_3,0,0,0,0,0,0,1,20230918,20260712
1_907_1335_10_255_3,0,0,0,0,0,0,1,20230918,20260712
1_981_1461_13_259_1,1,1,1,1,1,0,0,20250901,20260630
1_981_1461_13_260_1,1,1,1,1,1,0,0,20250901,20260630
1_981_1461_13_298_1,1,1,1,1,1,0,0,20250901,20260630
1_981_1497_13_446_1,1,1,1,1,1,0,0,20250901,20260630
1_981_1499_13_301_1,1,1,1,1,1,0,0,20250901,20260630
1_981_1499_13_302_1,1,1,1,1,1,0,0,20250901,20260630
1_982_1283_13_303_1,1,1,1,1,1,0,0,20250901,20260630
1_982_1513_13_299_1,1,1,1,1,1,0,0,20250901,20260630
1_982_1513_13_324_1,1,1,1,1,1,0,0,20250901,20260630
1_984_1500_13_308_2,0,0,0,0,0,1,0,20250901,20260630
1_984_1500_13_311_2,0,0,0,0,0,1,0,20250901,20260630
1_984_1501_13_314_2,0,0,0,0,0,1,0,20250901,20260630
1_984_1501_13_474_2,0,0,0,0,0,1,0,20250901,20260630
1_985_989_10_289_10,0,1,1,1,1,0,0,20250901,20260630
1_985_1053_10_289_8,1,0,0,0,0,0,0,20250901,20260630
1_985_1420_10_287_10,0,1,1,1,1,0,0,20250901,20260630
1_985_1420_10_288_10,0,1,1,1,1,0,0,20250901,20260630
1_985_1421_10_287_8,1,0,0,0,0,0,0,20250901,20260630
1_985_1421_10_288_8,1,0,0,0,0,0,0,20250901,20260630
1_985_1421_10_409_8,1,0,0,0,0,0,0,20250901,20260630
1_987_1424_10_496_9,1,1,1,1,0,0,0,20230401,20260630
1_987_1426_10_496_5,0,0,0,0,1,0,0,20230401,20260630
1_987_1428_10_504_9,1,1,1,1,0,0,0,20230401,20260630
1_987_1429_10_504_5,0,0,0,0,1,0,0,20230401,20260630
1_988_1432_10_542_9,1,1,1,1,0,0,0,20230515,20260630
1_988_1433_10_542_5,0,0,0,0,1,0,0,20230515,20260630
1_989_1434_10_542_2,0,0,0,0,0,1,0,20230515,20260630
1_990_1435_10_542_12,0,0,0,0,0,0,1,20230515,20260630
1_990_1482_10_542_13,0,0,0,0,0,0,0,20230515,20260630
1_991_1436_9_223_1,1,1,1,1,1,0,0,20250915,20260630
1_991_1436_9_224_1,1,1,1,1,1,0,0,20250915,20260630
1_992_1437_9_223_2,0,0,0,0,0,1,0,20250915,20260630
1_993_1438_9_223_3,0,0,0,0,0,0,1,20250915,20260630
1_1006_1454_10_294_9,1,1,1,1,0,0,0,20250901,20260630
1_1006_1454_10_295_9,1,1,1,1,0,0,0,20250901,20260630
1_1006_1455_10_294_5,0,0,0,0,1,0,0,20250901,20260630
1_1006_1455_10_295_5,0,0,0,0,1,0,0,20250901,20260630
1_1007_1456_10_295_2,0,0,0,0,0,1,0,20250901,20260630
1_1008_1457_10_295_12,0,0,0,0,0,0,1,20250901,20260630
1_1008_1479_10_295_13,0,0,0,0,0,0,0,20250901,20260630
1_1009_1049_10_248_1,1,1,1,1,1,0,0,20230901,20260630
1_1011_1425_10_496_2,0,0,0,0,0,1,0,20230901,20260630
1_1011_1430_10_504_2,0,0,0,0,0,1,0,20230901,20260630
1_1012_1427_10_496_12,0,0,0,0,0,0,1,20230901,20260630
1_1012_1431_10_504_12,0,0,0,0,0,0,1,20230901,20260630
1_1012_1480_10_496_13,0,0,0,0,0,0,0,20230901,20260630
1_1012_1481_10_504_13,0,0,0,0,0,0,0,20230901,20260630
1_1018_1292_17_238_4,0,0,0,0,0,1,1,20250901,20260630
1_1020_1511_10_274_1,1,1,1,1,1,0,0,20250901,20260630
1_1020_1511_10_275_1,1,1,1,1,1,0,0,20250901,20260630
1_1020_1511_10_421_1,1,1,1,1,1,0,0,20250901,20260630
1_1021_1521_10_274_2,0,0,0,0,0,1,0,20250901,20260630
1_1021_1521_10_275_2,0,0,0,0,0,1,0,20250901,20260630
1_1022_1522_10_275_3,0,0,0,0,0,0,1,20250901,20260630
1_1024_1267_9_216_1,1,1,1,1,1,0,0,20250901,20260630
1_1026_1528_9_215_1,1,1,1,1,1,0,0,20251201,20260630
1_1027_723_24_242_4,0,0,0,0,0,1,1,20250901,20260630
1_1028_1284_6_232_1,1,1,1,1,1,0,0,20251215,20260630
1_1028_1287_6_233_1,1,1,1,1,1,0,0,20251215,20260630
1_1028_1288_6_236_1,1,1,1,1,1,0,0,20251215,20260630
1_1028_1288_6_424_1,1,1,1,1,1,0,0,20251215,20260630
1_1028_1288_6_425_1,1,1,1,1,1,0,0,20251215,20260630
1_1028_1288_6_426_1,1,1,1,1,1,0,0,20251215,20260630
1_1028_1288_6_427_1,1,1,1,1,1,0,0,20251215,20260630
1_1028_1288_6_428_1,1,1,1,1,1,0,0,20251215,20260630
1_1028_1529_6_234_1,1,1,1,1,1,0,0,20251215,20260630
1_1028_1529_6_235_1,1,1,1,1,1,0,0,20251215,20260630
1_1028_1529_6_422_1,1,1,1,1,1,0,0,20251215,20260630
1_1028_1529_6_423_1,1,1,1,1,1,0,0,20251215,20260630
2_1083_1840_6_26_2,0,0,0,0,0,1,1,20210601,20261231
2_1083_2212_6_26_1,1,1,1,1,1,0,0,20210601,20261231
2_1086_20_8_5_2,0,0,0,0,0,1,1,20210605,20261231
2_1170_2420_8_28_1,1,1,1,1,1,0,0,20211129,20261231
2_1274_2638_8_239_1,1,1,1,1,1,0,0,20220922,20261231
2_1306_2737_8_155_7,1,1,1,1,1,1,1,20230616,20261231
2_1354_2859_13_274_1,1,1,1,1,1,0,0,20231116,20261231
2_1354_2860_13_274_2,0,0,0,0,0,1,1,20231116,20261231
2_1362_2873_13_158_1,1,1,1,1,1,0,0,20240108,20261231
2_1362_2874_13_158_2,0,0,0,0,0,1,1,20240108,20261231
2_1380_2901_8_46_1,1,1,1,1,1,0,0,20240311,20261231
2_1406_2955_13_214_1,1,1,1,1,1,0,0,20240518,20261231
2_1406_2956_13_214_5,0,0,0,0,0,1,0,20240518,20261231
2_1406_2957_13_214_4,0,0,0,0,0,0,1,20240518,20261231
2_1408_2959_6_7_1,1,1,1,1,1,0,0,20240506,20261231
2_1408_2960_6_7_5,0,0,0,0,0,1,0,20240506,20261231
2_1408_2961_6_7_4,0,0,0,0,0,0,1,20240506,20261231
2_1417_1852_8_13_2,0,0,0,0,0,1,1,20240620,20261231
2_1417_1858_8_177_1,1,1,1,1,1,0,0,20240620,20261231
2_1417_1859_8_16_1,1,1,1,1,1,0,0,20240620,20261231
2_1417_1860_8_16_2,0,0,0,0,0,1,1,20240620,20261231
2_1417_1861_8_18_1,1,1,1,1,1,0,0,20240620,20261231
2_1417_1863_8_17_1,1,1,1,1,1,0,0,20240620,20261231
2_1417_1887_8_21_1,1,1,1,1,1,0,0,20240620,20261231
2_1417_1888_8_19_2,0,0,0,0,0,1,1,20240620,20261231
2_1417_2221_8_13_1,1,1,1,1,1,0,0,20240620,20261231
2_1417_2223_8_19_1,1,1,1,1,1,0,0,20240620,20261231
2_1417_2236_8_36_2,0,0,0,0,0,1,1,20240620,20261231
2_1417_2481_8_36_1,1,1,1,1,1,0,0,20240620,20261231
2_1417_2498_8_12_1,1,1,1,1,1,0,0,20240620,20261231
2_1417_2736_8_14_1,1,1,1,1,1,0,0,20240620,20261231
2_1417_3000_8_44_1,1,1,1,1,1,0,0,20240620,20261231
2_1447_3049_8_20_1,1,1,1,1,1,0,0,20241007,20261231
2_1449_2999_8_43_2,0,0,0,0,0,1,1,20241007,20261231
2_1449_3051_8_43_1,1,1,1,1,1,0,0,20241007,20261231
2_1459_3062_8_41_1,1,1,1,1,1,0,0,20250107,20261231
2_1462_3061_8_48_1,1,1,1,1,1,0,0,20250107,20261231
2_1465_2492_8_6_1,1,1,1,1,1,0,0,20250107,20261231
2_1465_3069_8_6_5,0,0,0,0,0,1,0,20250107,20261231
2_1465_3070_8_6_4,0,0,0,0,0,0,1,20250107,20261231
2_1467_3066_8_11_1,1,1,1,1,1,0,0,20250107,20261231
2_1490_3077_8_38_1,1,1,1,1,1,0,0,20250203,20261231
2_1502_2040_24_165_1,1,1,1,1,1,0,0,20250901,20260630
2_1502_2228_24_49_1,1,1,1,1,1,0,0,20250901,20260630
2_1502_2230_24_49_2,0,0,0,0,0,1,1,20250901,20260630
2_1502_2247_24_163_1,1,1,1,1,1,0,0,20250901,20260630
2_1502_2249_24_164_1,1,1,1,1,1,0,0,20250901,20260630
2_1502_2251_24_164_2,0,0,0,0,0,1,1,20250901,20260630
2_1502_2610_24_231_1,1,1,1,1,1,0,0,20250901,20260630
2_1502_2611_24_231_2,0,0,0,0,0,1,1,20250901,20260630
2_1502_2729_24_54_1,1,1,1,1,1,0,0,20250901,20260630
2_1502_2813_24_163_5,0,0,0,0,0,1,0,20250901,20260630
2_1502_2815_24_163_4,0,0,0,0,0,0,1,20250901,20260630
2_1502_3027_24_51_1,1,1,1,1,1,0,0,20250901,20260630
2_1502_3031_24_230_1,1,1,1,1,1,0,0,20250901,20260630
2_1502_3032_24_230_2,0,0,0,0,0,1,1,20250901,20260630
2_1502_3043_24_50_1,1,1,1,1,1,0,0,20250901,20260630
2_1502_3044_24_50_2,0,0,0,0,0,1,1,20250901,20260630
2_1502_3045_24_175_1,1,1,1,1,1,0,0,20250901,20260630
2_1502_3046_24_175_2,0,0,0,0,0,1,1,20250901,20260630
2_1502_3048_24_225_1,1,1,1,1,1,0,0,20250901,20260630
2_1502_3106_24_219_1,1,1,1,1,1,0,0,20250901,20260630
2_1503_1949_8_219_1,1,1,1,1,1,0,0,20250901,20261231
2_1503_2593_8_4_5,0,0,0,0,0,1,0,20250901,20261231
2_1503_2604_8_4_4,0,0,0,0,0,0,1,20250901,20261231
2_1503_3014_8_156_1,1,1,1,1,1,0,0,20250901,20261231
2_1503_3055_8_9_1,1,1,1,1,1,0,0,20250901,20261231
2_1503_3057_8_10_1,1,1,1,1,1,0,0,20250901,20261231
2_1503_3067_8_9_5,0,0,0,0,0,1,0,20250901,20261231
2_1503_3068_8_9_4,0,0,0,0,0,0,1,20250901,20261231
2_1503_3084_8_4_1,1,1,1,1,1,0,0,20250901,20261231
2_1503_3136_8_234_1,1,1,1,1,1,0,0,20250901,20261231
2_1503_3137_8_234_2,0,0,0,0,0,1,1,20250901,20261231
2_1503_3138_8_235_1,1,1,1,1,1,0,0,20250901,20261231
2_1503_3139_8_235_2,0,0,0,0,0,1,1,20250901,20261231
2_1503_3140_8_236_1,1,1,1,1,1,0,0,20250901,20261231
2_1503_3141_8_236_2,0,0,0,0,0,1,1,20250901,20261231
2_1503_3142_8_237_1,1,1,1,1,1,0,0,20250901,20261231
2_1505_3148_8_39_1,1,1,1,1,1,0,0,20250915,20261231
2_1505_3149_8_39_2,0,0,0,0,0,1,1,20250915,20261231
2_1506_3159_27_172_1,1,1,1,1,1,0,0,20250910,20260630
2_1506_3160_27_172_2,0,0,0,0,0,1,1,20250910,20260630
2_1506_3161_27_167_1,1,1,1,1,1,0,0,20250910,20260630
2_1506_3162_27_167_2,0,0,0,0,0,1,1,20250910,20260630
2_1506_3163_27_168_1,1,1,1,1,1,0,0,20250910,20260630
2_1506_3164_27_169_1,1,1,1,1,1,0,0,20250910,20260630
2_1506_3166_27_166_1,1,1,1,1,1,0,0,20250910,20260630
2_1506_3167_27_166_2,0,0,0,0,0,1,1,20250910,20260630
2_1508_2660_5_2_5,0,0,0,0,0,1,0,20250922,20260630
2_1508_2661_5_2_4,0,0,0,0,0,0,1,20250922,20260630
2_1508_2662_5_3_5,0,0,0,0,0,1,0,20250922,20260630
2_1508_2664_5_3_4,0,0,0,0,0,0,1,20250922,20260630
2_1508_2816_5_2_1,1,1,1,1,1,0,0,20250922,20260630
2_1508_2817_5_3_1,1,1,1,1,1,0,0,20250922,20260630
2_1509_2665_8_2_5,0,0,0,0,0,1,0,20250922,20260630
2_1509_2666_8_2_4,0,0,0,0,0,0,1,20250922,20260630
2_1509_2667_8_3_5,0,0,0,0,0,1,0,20250922,20260630
2_1509_2669_8_3_4,0,0,0,0,0,0,1,20250922,20260630
2_1509_2818_8_2_1,1,1,1,1,1,0,0,20250922,20260630
2_1509_2819_8_3_1,1,1,1,1,1,0,0,20250922,20260630
2_1538_3165_27_170_1,1,1,1,1,1,0,0,20260108,20260630
2_1549_3243_8_221_8,1,1,1,1,0,0,0,20260302,20260526
2_1549_3246_8_221_10,0,0,0,0,1,0,0,20260302,20260526
2_1550_3143_8_32_1,1,1,1,1,1,0,0,20260323,20261231
2_1553_2499_8_240_1,1,1,1,1,1,0,0,20260406,20260526
2_1553_3175_8_267_1,1,1,1,1,1,0,0,20260406,20260526
2_1553_3176_8_23_8,1,1,1,1,0,0,0,20260406,20260526
2_1553_3177_8_23_10,0,0,0,0,1,0,0,20260406,20260526
2_1553_3179_8_222_1,1,1,1,1,1,0,0,20260406,20260526
2_1553_3180_8_226_1,1,1,1,1,1,0,0,20260406,20260526
2_1553_3181_8_27_8,1,1,1,1,0,0,0,20260406,20260526
2_1553_3182_8_27_10,0,0,0,0,1,0,0,20260406,20260526
2_1553_3183_8_223_8,1,1,1,1,0,0,0,20260406,20260526
2_1553_3184_8_223_10,0,0,0,0,1,0,0,20260406,20260526
2_1553_3185_8_224_8,1,1,1,1,0,0,0,20260406,20260526
2_1553_3186_8_220_8,1,1,1,1,0,0,0,20260406,20260526
2_1553_3187_8_220_10,0,0,0,0,1,0,0,20260406,20260526
2_1554_3247_28_15_1,1,1,1,1,1,0,0,20260413,20260531
2_1554_3248_28_15_2,0,0,0,0,0,1,1,20260413,20260531
2_1554_3249_28_22_1,1,1,1,1,1,0,0,20260413,20260531
2_1554_3251_28_22_2,0,0,0,0,0,1,1,20260413,20260531
2_1555_970_8_240_1,1,1,1,1,1,0,0,20260601,20260619
2_1555_3175_8_267_1,1,1,1,1,1,0,0,20260601,20260619
2_1555_3230_8_27_1,1,1,1,1,1,0,0,20260601,20260619
2_1555_3232_8_220_1,1,1,1,1,1,0,0,20260601,20260619
2_1555_3233_8_23_1,1,1,1,1,1,0,0,20260601,20260619
3_672_1488_29_963_31,1,1,1,1,1,0,0,20250611,20300731
3_681_1509_29_968_63,1,1,1,1,1,1,0,20200701,20300101
3_905_1993_41_993_160,0,0,0,0,0,1,1,20210913,20300101
3_915_2010_29_701_31,1,1,1,1,1,0,0,20210915,20300101
3_915_2012_29_701_32,0,0,0,0,0,1,0,20210915,20300101
3_917_2016_29_877_31,1,1,1,1,1,0,0,20210915,20300101
3_917_2017_29_877_32,0,0,0,0,0,1,0,20210915,20300101
3_918_2018_29_925_31,1,1,1,1,1,0,0,20210915,20300101
3_918_2020_29_925_128,0,0,0,0,0,0,1,20210915,20300101
3_918_2021_29_925_32,0,0,0,0,0,1,0,20210915,20300101
3_945_2071_29_840_31,1,1,1,1,1,0,0,20230911,20300101
3_948_2074_29_844_31,1,1,1,1,1,0,0,20211004,20300101
3_965_1619_29_868_128,0,0,0,0,0,0,1,20211016,20300101
3_965_1659_29_868_31,1,1,1,1,1,0,0,20211016,20300101
3_965_2113_29_868_32,0,0,0,0,0,1,0,20211016,20300101
3_969_2120_33_876_31,1,1,1,1,1,0,0,20211013,20300101
3_974_2131_29_1079_160,0,0,0,0,0,1,1,20220101,20300101
3_976_2137_29_1095_31,1,1,1,1,1,0,0,20220101,20300101
3_979_2143_29_1035_31,1,1,1,1,1,0,0,20220101,20300101
3_1061_2275_28_1100_31,1,1,1,1,1,0,0,20230101,20300101
3_1061_2276_28_1100_32,0,0,0,0,0,1,0,20230101,20300101
3_1061_2277_28_1100_128,0,0,0,0,0,0,1,20230101,20300101
3_1068_2288_28_1080_32,0,0,0,0,0,1,0,20230318,20300101
3_1068_2289_28_1080_128,0,0,0,0,0,0,1,20230318,20300101
3_1068_2290_28_1080_31,1,1,1,1,1,0,0,20230318,20300101
3_1099_1577_19_727_63,1,1,1,1,1,1,0,20230701,20300101
3_1099_2327_19_727_128,0,0,0,0,0,0,1,20230701,20300101
3_1107_1823_29_1071_31,1,1,1,1,1,0,0,20230901,20300101
3_1135_2359_29_1029_31,1,1,1,1,1,0,0,20231019,20300101
3_1135_2360_29_1029_32,0,0,0,0,0,1,0,20231019,20300101
3_1135_2361_29_1029_128,0,0,0,0,0,0,1,20231019,20300101
3_1143_2376_41_1096_15,1,1,1,1,0,0,0,20240102,20300101
3_1143_2377_41_1096_192,0,0,0,0,1,1,0,20240102,20300101
3_1144_2378_41_1097_15,1,1,1,1,0,0,0,20240102,20300101
3_1144_2379_41_1097_192,0,0,0,0,1,1,0,20240102,20300101
3_1149_2392_29_953_192,0,0,0,0,1,1,0,20240315,20300101
3_1151_2396_35_1036_31,1,1,1,1,1,0,0,20240318,20300101
3_1151_2397_35_1036_32,0,0,0,0,0,1,0,20240318,20300101
3_1166_2436_38_1111_32,0,0,0,0,0,1,0,20240701,20300101
3_1166_2438_38_1111_31,1,1,1,1,1,0,0,20240701,20300101
3_1186_2496_29_1027_31,1,1,1,1,1,0,0,20240701,20300101
3_1186_2497_29_1027_32,0,0,0,0,0,1,0,20240701,20300101
3_1207_2178_28_932_128,0,0,0,0,0,0,1,20250901,20300101
3_1207_2179_28_932_32,0,0,0,0,0,1,0,20250901,20300101
3_1207_2356_28_932_31,1,1,1,1,1,0,0,20250901,20300101
3_1225_2477_33_875_160,0,0,0,0,0,1,1,20240925,20300101
3_1225_2478_33_875_31,1,1,1,1,1,0,0,20240925,20300101
3_1230_2480_29_958_128,0,0,0,0,0,0,1,20241125,20300101
3_1230_2494_29_958_63,1,1,1,1,1,1,0,20241125,20300101
3_1236_2502_29_710_31,1,1,1,1,1,0,0,20250217,20300101
3_1236_2503_29_710_32,0,0,0,0,0,1,0,20250217,20300101
3_1239_2072_29_841_63,1,1,1,1,1,1,0,20250301,20300101
3_1244_2514_28_909_63,1,1,1,1,1,1,0,20250503,20300331
3_1253_2531_29_1116_191,1,1,1,1,1,1,1,20250521,20300630
3_1254_2532_29_1117_31,1,1,1,1,1,0,0,20250522,20300630
3_1257_2541_25_1102_31,1,1,1,1,1,0,0,20250616,20311031
3_1258_2126_25_1032_32,0,0,0,0,0,1,0,20250616,20300630
3_1258_2127_25_1032_128,0,0,0,0,0,0,1,20250616,20300630
3_1258_2538_25_1032_31,1,1,1,1,1,0,0,20250616,20300630
3_1284_2569_29_1119_31,1,1,1,1,1,0,0,20250701,20300731
3_1284_2570_29_1119_32,0,0,0,0,0,1,0,20250701,20300731
3_1284_2572_29_1119_128,0,0,0,0,0,0,1,20250701,20300731
3_1291_2485_29_1099_32,0,0,0,0,0,1,0,20250901,20260630
3_1291_2486_29_1099_128,0,0,0,0,0,0,1,20250901,20260630
3_1291_2491_29_1099_31,1,1,1,1,1,0,0,20250901,20260630
3_1293_2225_29_1076_31,1,1,1,1,1,0,0,20250901,20260731
3_1294_2226_29_1077_31,1,1,1,1,1,0,0,20250901,20260731
3_1295_2522_29_1113_31,1,1,1,1,1,0,0,20250901,20260731
3_1295_2523_29_1113_32,0,0,0,0,0,1,0,20250901,20260731
3_1295_2524_29_1113_128,0,0,0,0,0,0,1,20250901,20260731
3_1296_2373_29_1105_31,1,1,1,1,1,0,0,20250901,20260731
3_1296_2508_29_1105_160,0,0,0,0,0,1,1,20250901,20260731
3_1297_2525_29_1114_31,1,1,1,1,1,0,0,20250901,20260731
3_1297_2526_29_1114_32,0,0,0,0,0,1,0,20250901,20260731
3_1297_2527_29_1114_128,0,0,0,0,0,0,1,20250901,20260731
3_1298_2509_29_1042_31,1,1,1,1,1,0,0,20250901,20260630
3_1298_2510_29_1042_160,0,0,0,0,0,1,1,20250901,20260630
3_1299_2528_29_1115_31,1,1,1,1,1,0,0,20250901,20260630
3_1299_2529_29_1115_32,0,0,0,0,0,1,0,20250901,20260630
3_1299_2530_29_1115_128,0,0,0,0,0,0,1,20250901,20260630
3_1300_2268_29_1050_31,1,1,1,1,1,0,0,20250901,20260630
3_1301_1959_41_1047_128,0,0,0,0,0,0,1,20250901,20260630
3_1301_2511_41_1047_31,1,1,1,1,1,0,0,20250901,20260630
3_1301_2512_41_1047_32,0,0,0,0,0,1,0,20250901,20260630
3_1302_2237_41_987_31,1,1,1,1,1,0,0,20250901,20260630
3_1302_2238_41_987_128,0,0,0,0,0,0,1,20250901,20260630
3_1302_2240_41_987_32,0,0,0,0,0,1,0,20250901,20260630
3_1303_2340_41_988_31,1,1,1,1,1,0,0,20250901,20260630
3_1304_2348_41_995_31,1,1,1,1,1,0,0,20250901,20260630
3_1305_2460_41_996_31,1,1,1,1,1,0,0,20250901,20260630
3_1306_2461_41_997_31,1,1,1,1,1,0,0,20250901,20260630
3_1306_2462_41_997_128,0,0,0,0,0,0,1,20250901,20260630
3_1306_2490_41_997_32,0,0,0,0,0,1,0,20250901,20260630
3_1307_2350_41_990_31,1,1,1,1,1,0,0,20250901,20260630
3_1307_2576_41_990_32,0,0,0,0,0,1,0,20250901,20260630
3_1307_2577_41_990_128,0,0,0,0,0,0,1,20250901,20260630
3_1308_2386_28_1107_31,1,1,1,1,1,0,0,20250901,20300630
3_1308_2388_28_1107_32,0,0,0,0,0,1,0,20250901,20300630
3_1308_2389_28_1107_128,0,0,0,0,0,0,1,20250901,20300630
3_1309_1864_29_867_128,0,0,0,0,0,0,1,20250901,20260630
3_1309_2112_29_867_32,0,0,0,0,0,1,0,20250901,20260630
3_1309_2501_29_867_31,1,1,1,1,1,0,0,20250901,20260630
3_1310_2259_29_1048_31,1,1,1,1,1,0,0,20250901,20260630
3_1310_2344_29_1048_32,0,0,0,0,0,1,0,20250901,20260630
3_1310_2347_29_1048_128,0,0,0,0,0,0,1,20250901,20260630
3_1311_2264_29_1049_31,1,1,1,1,1,0,0,20250901,20260630
3_1312_2578_22_1118_31,1,1,1,1,1,0,0,20250901,20300930
3_1312_2579_22_1118_32,0,0,0,0,0,1,0,20250901,20300930
3_1312_2580_22_1118_128,0,0,0,0,0,0,1,20250901,20300930
3_1313_2059_41_992_32,0,0,0,0,0,1,0,20250915,20260630
3_1313_2060_41_992_128,0,0,0,0,0,0,1,20250915,20260630
3_1313_2252_41_992_31,1,1,1,1,1,0,0,20250915,20260630
3_1314_2056_41_991_32,0,0,0,0,0,1,0,20250915,20260630
3_1314_2057_41_991_128,0,0,0,0,0,0,1,20250915,20260630
3_1314_2251_41_991_31,1,1,1,1,1,0,0,20250915,20260630
3_1315_2222_41_989_128,0,0,0,0,0,0,1,20250915,20260630
3_1315_2487_41_989_31,1,1,1,1,1,0,0,20250915,20260630
3_1315_2488_41_989_32,0,0,0,0,0,1,0,20250915,20260630
3_1316_2581_41_986_31,1,1,1,1,1,0,0,20250915,20260630
3_1316_2582_41_986_160,0,0,0,0,0,1,1,20250915,20260630
3_1317_2584_29_644_31,1,1,1,1,1,0,0,20250916,20300930
3_1318_2585_29_1120_31,1,1,1,1,1,0,0,20250916,20300930
3_1321_2588_22_1122_31,1,1,1,1,1,0,0,20250901,20301001
3_1322_2589_29_1123_31,1,1,1,1,1,0,0,20251006,20301031
3_1326_2607_22_1125_31,1,1,1,1,1,0,0,20251122,20301130
3_1327_2608_22_1127_31,1,1,1,1,1,0,0,20251122,20301130
3_1328_2609_22_1126_32,0,0,0,0,0,1,0,20251122,20311130
3_1328_2610_22_1126_128,0,0,0,0,0,0,1,20251122,20311130
3_1329_2611_22_1128_31,1,1,1,1,1,0,0,20251122,20301130
3_1337_2647_28_1130_31,1,1,1,1,1,0,0,20260212,20260731
3_1337_2648_28_1130_32,0,0,0,0,0,1,0,20260212,20260731
3_1337_2649_28_1130_128,0,0,0,0,0,0,1,20260212,20260731
3_1342_2676_38_1112_63,1,1,1,1,1,1,0,20260330,20380430
3_1343_2677_28_1131_31,1,1,1,1,1,0,0,20260504,20300504
3_1344_2106_34_703_31,1,1,1,1,1,0,0,20260524,20300531
3_1344_2408_34_703_32,0,0,0,0,0,1,0,20260524,20300531
3_1344_2678_34_703_128,0,0,0,0,0,0,1,20260524,20300531
4_354_569_8_169_2,0,0,0,0,0,1,0,20170107,20301231
4_832_1653_11_114_135,1,0,0,0,1,0,0,20200701,20301231
4_860_1697_11_110_38,0,1,1,1,0,0,0,20200817,20301231
4_860_1705_11_110_135,1,0,0,0,1,0,0,20200817,20301231
4_864_1708_4_206_116,0,0,0,0,1,1,0,20200821,20301231
4_910_1805_11_109_2,0,0,0,0,0,1,0,20201209,20301231
4_910_2723_11_109_1,1,1,1,1,1,0,0,20201209,20301231
4_999_1511_8_90_1,1,1,1,1,1,0,0,20200518,20301231
4_1098_2036_4_226_8,1,1,1,1,1,1,1,20211213,20301231
4_1098_2037_4_227_8,1,1,1,1,1,1,1,20211213,20301231
4_1204_2088_6_97_1,1,1,1,1,1,0,0,20220201,20301231
4_1205_2089_6_98_1,1,1,1,1,1,0,0,20220201,20301231
4_1329_2215_4_12_8,1,1,1,1,1,1,1,20220912,20301231
4_1338_2230_4_11_1,1,1,1,1,1,0,0,20221017,20301231
4_1338_2231_4_11_6,0,0,0,0,0,1,1,20221017,20301231
4_1363_2297_4_253_8,1,1,1,1,1,1,1,20230410,20301231
4_1379_2161_4_15_9,1,1,1,1,1,1,0,20230507,20301231
4_1379_2314_4_15_3,0,0,0,0,0,0,1,20230507,20301231
4_1382_2320_19_214_1,1,1,1,1,1,0,0,20230613,20301231
4_1382_2322_19_215_1,1,1,1,1,1,0,0,20230613,20301231
4_1382_2323_19_216_1,1,1,1,1,1,0,0,20230613,20301231
4_1382_2324_19_217_1,1,1,1,1,1,0,0,20230613,20301231
4_1382_2325_19_219_1,1,1,1,1,1,0,0,20230613,20301231
4_1382_2327_19_242_1,1,1,1,1,1,0,0,20230613,20301231
4_1382_2328_19_219_2,0,0,0,0,0,1,0,20230613,20301231
4_1382_2329_19_214_2,0,0,0,0,0,1,0,20230613,20301231
4_1382_2330_19_214_3,0,0,0,0,0,0,1,20230613,20301231
4_1477_2474_8_276_1,1,1,1,1,1,0,0,20240124,20301231
4_1477_2475_8_276_2,0,0,0,0,0,1,0,20240124,20301231
4_1477_2476_8_276_3,0,0,0,0,0,0,1,20240124,20301231
4_1487_2490_11_281_8,1,1,1,1,1,1,1,20240323,20301231
4_1488_2494_11_282_8,1,1,1,1,1,1,1,20240323,20301231
4_1489_2496_11_283_8,1,1,1,1,1,1,1,20240323,20301231
4_1490_2498_11_284_1,1,1,1,1,1,0,0,20240323,20301231
4_1492_2503_4_248_1,1,1,1,1,1,0,0,20240323,20301231
4_1499_2520_4_239_8,1,1,1,1,1,1,1,20240501,20301231
4_1500_2521_4_13_1,1,1,1,1,1,0,0,20240503,20301231
4_1500_2522_4_13_2,0,0,0,0,0,1,0,20240503,20301231
4_1500_2523_4_13_3,0,0,0,0,0,0,1,20240503,20301231
4_1505_2531_8_279_1,1,1,1,1,1,0,0,20240501,20301231
4_1521_2544_11_178_1,1,1,1,1,1,0,0,20240701,20301231
4_1521_2754_11_178_3,0,0,0,0,0,0,1,20240701,20301231
4_1522_2548_11_285_1,1,1,1,1,1,0,0,20240701,20301231
4_1522_2549_11_285_6,0,0,0,0,0,1,1,20240701,20301231
4_1526_2557_4_254_1,1,1,1,1,1,0,0,20240701,20301231
4_1554_2383_20_230_6,0,0,0,0,0,1,1,20240916,20301231
4_1554_2589_20_230_1,1,1,1,1,1,0,0,20240916,20301231
4_1554_2590_20_231_1,1,1,1,1,1,0,0,20240916,20301231
4_1554_2592_20_234_1,1,1,1,1,1,0,0,20240916,20301231
4_1564_2337_4_201_1,1,1,1,1,1,0,0,20240913,20301231
4_1564_2338_4_201_6,0,0,0,0,0,1,1,20240913,20301231
4_1565_2360_4_208_1,1,1,1,1,1,0,0,20240913,20301231
4_1576_2611_11_286_1,1,1,1,1,1,0,0,20241113,20301231
4_1583_2621_4_16_8,1,1,1,1,1,1,1,20250107,20301231
4_1612_2698_4_302_1,1,1,1,1,1,0,0,20250113,20301231
4_1613_2697_4_301_1,1,1,1,1,1,0,0,20250113,20301231
4_1616_2704_4_238_8,1,1,1,1,1,1,1,20250212,20301231
4_1617_2705_5_96_1,1,1,1,1,1,0,0,20250303,20301231
4_1617_2706_5_96_2,0,0,0,0,0,1,0,20250303,20301231
4_1617_2707_5_96_3,0,0,0,0,0,0,1,20250303,20301231
4_1620_2710_4_3_1,1,1,1,1,1,0,0,20250301,20301231
4_1620_2711_4_9_1,1,1,1,1,1,0,0,20250301,20301231
4_1620_2712_4_14_1,1,1,1,1,1,0,0,20250301,20301231
4_1620_2713_4_14_6,0,0,0,0,0,1,1,20250301,20301231
4_1620_2714_4_3_6,0,0,0,0,0,1,1,20250301,20301231
4_1620_2715_4_9_6,0,0,0,0,0,1,1,20250301,20301231
4_1623_2294_14_191_90,0,1,1,1,1,1,1,20260401,20261031
4_1624_2409_14_191_90,0,1,1,1,1,1,1,20261101,20270331
4_1626_2725_5_308_1,1,1,1,1,1,0,0,20250401,20301231
4_1627_2195_4_4_1,1,1,1,1,1,0,0,20250405,20301231
4_1627_2726_4_4_6,0,0,0,0,0,1,1,20250405,20301231
4_1649_2755_4_296_135,1,0,0,0,1,0,0,20250421,20301231
4_1649_2756_4_296_38,0,1,1,1,0,0,0,20250421,20301231
4_1661_2542_11_177_2,0,0,0,0,0,1,0,20250520,20301231
4_1661_2543_11_177_3,0,0,0,0,0,0,1,20250520,20301231
4_1661_2770_11_177_1,1,1,1,1,1,0,0,20250520,20301231
4_1671_2779_23_291_1,1,1,1,1,1,0,0,20250802,20301231
4_1675_2162_4_22_9,1,1,1,1,1,1,0,20250908,20301231
4_1683_617_4_26_8,1,1,1,1,1,1,1,20250816,20260824
4_1683_1021_4_212_8,1,1,1,1,1,1,1,20250816,20260824
4_1683_2570_4_294_8,1,1,1,1,1,1,1,20250816,20260824
4_1683_2799_4_198_8,1,1,1,1,1,1,1,20250816,20260824
4_1683_2802_4_28_8,1,1,1,1,1,1,1,20250816,20260824
4_1683_2805_4_29_8,1,1,1,1,1,1,1,20250816,20260824
4_1685_2708_5_300_1,1,1,1,1,1,0,0,20250901,20301231
4_1686_2803_8_89_3,0,0,0,0,0,0,1,20250801,20301231
4_1686_2804_8_89_9,1,1,1,1,1,1,0,20250801,20301231
4_1699_2834_4_297_116,0,0,0,0,1,1,0,20250908,20301231
4_1699_2835_4_297_152,1,1,1,1,0,0,1,20250908,20301231
4_1709_612_18_186_3,0,0,0,0,0,0,1,20250824,20301231
4_1709_723_18_185_3,0,0,0,0,0,0,1,20250824,20301231
4_1709_1052_18_185_54,1,1,1,1,0,0,0,20250824,20301231
4_1709_1055_18_186_54,1,1,1,1,0,0,0,20250824,20301231
4_1709_1057_18_185_122,0,0,0,0,1,0,0,20250824,20301231
4_1709_1058_18_186_122,0,0,0,0,1,0,0,20250824,20301231
4_1709_1059_18_185_2,0,0,0,0,0,1,0,20250824,20301231
4_1709_1061_18_186_2,0,0,0,0,0,1,0,20250824,20301231
4_1711_163_15_160_1,1,1,1,1,1,0,0,20250824,20301231
4_1711_1222_15_160_6,0,0,0,0,0,1,1,20250824,20301231
4_1711_1223_15_161_6,0,0,0,0,0,1,1,20250824,20301231
4_1711_1312_15_161_1,1,1,1,1,1,0,0,20250824,20301231
4_1713_2716_4_10_9,1,1,1,1,1,1,0,20250912,20301231
4_1713_2717_4_10_3,0,0,0,0,0,0,1,20250912,20301231
4_1714_2606_4_8_8,1,1,1,1,1,1,1,20250908,20260531
4_1715_2408_4_25_8,1,1,1,1,1,1,1,20250908,20301231
4_1716_2827_6_100_9,1,1,1,1,1,1,0,20250916,20301231
4_1716_2952_6_100_4,0,0,0,0,0,0,1,20250916,20301231
4_1720_2002_4_7_1,1,1,1,1,1,0,0,20250915,20260529
4_1720_2391_4_5_1,1,1,1,1,1,0,0,20250915,20260529
4_1721_2386_8_93_1,1,1,1,1,1,0,0,20250910,20260526
4_1722_2387_11_137_1,1,1,1,1,1,0,0,20250915,20260529
4_1724_2829_4_21_3,0,0,0,0,0,0,1,20250922,20301231
4_1724_2836_4_21_9,1,1,1,1,1,1,0,20250922,20301231
4_1728_2843_4_18_1,1,1,1,1,1,0,0,20251001,20301231
4_1728_2844_4_18_2,0,0,0,0,0,1,0,20251001,20301231
4_1728_2845_4_18_3,0,0,0,0,0,0,1,20251001,20301231
4_1731_2847_11_307_1,1,1,1,1,1,0,0,20251014,20301231
4_1731_2852_11_307_2,0,0,0,0,0,1,0,20251014,20301231
4_1733_2853_4_164_1,1,1,1,1,1,0,0,20251028,20301231
4_1734_2854_14_123_1,1,1,1,1,1,0,0,20251027,20301231
4_1734_2855_14_123_2,0,0,0,0,0,1,0,20251027,20301231
4_1735_2856_14_121_1,1,1,1,1,1,0,0,20251027,20301231
4_1735_2857_14_121_2,0,0,0,0,0,1,0,20251027,20301231
4_1736_2858_14_130_1,1,1,1,1,1,0,0,20251027,20301231
4_1736_2859_14_130_2,0,0,0,0,0,1,0,20251027,20301231
4_1737_2860_14_122_1,1,1,1,1,1,0,0,20251027,20301231
4_1740_2846_4_274_1,1,1,1,1,1,0,0,20260105,20301231
4_1740_2933_4_274_6,0,0,0,0,0,1,1,20260105,20301231
4_1741_2863_4_313_1,1,1,1,1,1,0,0,20251201,20301231
4_1741_2864_4_313_2,0,0,0,0,0,1,0,20251201,20301231
4_1746_2870_4_314_1,1,1,1,1,1,0,0,20251209,20301231
4_1747_2872_4_20_1,1,1,1,1,1,0,0,20251209,20301231
4_1748_2831_4_19_3,0,0,0,0,0,0,1,20251209,20301231
4_1748_2833_4_19_2,0,0,0,0,0,1,0,20251209,20301231
4_1748_2871_4_19_1,1,1,1,1,1,0,0,20251209,20301231
4_1769_766_6_99_2,0,0,0,0,0,1,0,20260107,20301231
4_1769_1674_6_99_3,0,0,0,0,0,0,1,20260107,20301231
4_1769_2946_6_99_1,1,1,1,1,1,0,0,20260107,20301231
4_1770_2839_4_17_2,0,0,0,0,0,1,0,20260126,20301231
4_1770_2840_4_17_3,0,0,0,0,0,0,1,20260126,20301231
4_1770_2947_4_17_1,1,1,1,1,1,0,0,20260126,20301231
4_1771_2948_4_23_1,1,1,1,1,1,0,0,20260126,20301231
4_1771_2949_4_23_6,0,0,0,0,0,1,1,20260126,20301231
4_1772_2950_4_163_1,1,1,1,1,1,0,0,20260126,20301231
4_1772_2951_4_163_6,0,0,0,0,0,1,1,20260126,20301231
4_1773_2850_11_176_6,0,0,0,0,0,1,1,20260301,20301231
4_1773_2953_11_176_1,1,1,1,1,1,0,0,20260301,20301231
4_1788_2868_4_1_3,0,0,0,0,0,0,1,20260420,20301231
4_1788_2973_4_1_54,1,1,1,1,0,0,0,20260420,20301231
4_1788_2974_4_1_2,0,0,0,0,0,1,0,20260420,20301231
4_1788_2975_4_1_13,0,0,0,0,1,0,0,20260420,20301231
4_1790_2972_11_321_1,1,1,1,1,1,0,0,20260430,20301231
4_1790_2978_11_321_2,0,0,0,0,0,1,0,20260430,20301231
4_1790_2979_11_321_3,0,0,0,0,0,0,1,20260430,20301231
4_1791_2980_11_322_1,1,1,1,1,1,0,0,20260430,20301231
4_1791_2981_11_322_2,0,0,0,0,0,1,0,20260430,20301231
4_1791_2983_11_322_3,0,0,0,0,0,0,1,20260430,20301231
4_1792_2984_11_318_1,1,1,1,1,1,0,0,20260430,20301231
4_1792_2985_11_318_6,0,0,0,0,0,1,1,20260430,20301231
4_1793_2986_11_324_8,1,1,1,1,1,1,1,20260430,20301231
4_1795_2988_11_325_1,1,1,1,1,1,0,0,20260430,20301231
4_1795_2989_11_325_6,0,0,0,0,0,1,1,20260430,20301231
4_1796_2990_11_326_1,1,1,1,1,1,0,0,20260430,20301231
4_1796_2991_11_326_2,0,0,0,0,0,1,0,20260430,20301231
4_1796_2992_11_326_3,0,0,0,0,0,0,1,20260430,20301231
4_1797_2993_11_327_1,1,1,1,1,1,0,0,20260430,20301231
4_1797_2994_11_327_2,0,0,0,0,0,1,0,20260430,20301231
4_1797_2995_11_327_3,0,0,0,0,0,0,1,20260430,20301231
4_1798_2996_11_328_1,1,1,1,1,1,0,0,20260430,20301231
4_1798_2997_11_328_6,0,0,0,0,0,1,1,20260430,20301231
4_1799_2998_11_329_1,1,1,1,1,1,0,0,20260430,20301231
4_1802_2999_4_140_1,1,1,1,1,1,0,0,20260508,20301231
4_1802_3000_4_140_6,0,0,0,0,0,1,1,20260508,20301231
4_1803_3001_20_315_1,1,1,1,1,1,0,0,20260522,20260608
4_1803_3002_20_315_2,0,0,0,0,0,1,0,20260522,20260608
4_1804_2976_20_315_1,1,1,1,1,1,0,0,20260609,20301231
4_1804_2977_20_315_2,0,0,0,0,0,1,0,20260609,20301231
4_1805_2780_4_8_8,1,1,1,1,1,1,1,20260601,20260930
4_1806_2606_4_8_8,1,1,1,1,1,1,1,20261001,20301231
5_87_142_4_11_1,1,1,1,1,1,0,0,20210601,20271231
5_87_144_4_11_5,0,0,0,0,0,1,0,20210601,20271231
5_87_148_4_11_4,0,0,0,0,0,0,1,20210601,20271231
5_87_162_4_12_7,1,1,1,1,1,1,1,20210601,20271231
5_89_71_5_6_1,1,1,1,1,1,0,0,20211213,20280315
5_89_73_5_6_5,0,0,0,0,0,1,0,20211213,20280315
5_89_74_5_6_4,0,0,0,0,0,0,1,20211213,20280315
5_90_29_6_1_1,1,1,1,1,1,0,0,20211213,20280815
5_90_30_6_1_5,0,0,0,0,0,1,0,20211213,20280815
5_90_31_6_1_4,0,0,0,0,0,0,1,20211213,20280815
5_90_36_6_2_1,1,1,1,1,1,0,0,20211213,20280815
5_99_12_7_8_1,1,1,1,1,1,0,0,20250901,20260621
5_99_28_7_14_1,1,1,1,1,1,0,0,20250901,20260621
5_99_39_7_5_1,1,1,1,1,1,0,0,20250901,20260621
5_99_68_7_27_7,1,1,1,1,1,1,1,20250901,20260621
5_99_167_7_28_1,1,1,1,1,1,0,0,20250901,20260621
5_99_168_7_10_1,1,1,1,1,1,0,0,20250901,20260621
5_99_173_7_4_1,1,1,1,1,1,0,0,20250901,20260621
5_99_174_7_4_5,0,0,0,0,0,1,0,20250901,20260621
5_99_175_7_4_4,0,0,0,0,0,0,1,20250901,20260621
5_99_176_7_7_1,1,1,1,1,1,0,0,20250901,20260621
5_99_177_7_7_5,0,0,0,0,0,1,0,20250901,20260621
5_99_179_7_7_4,0,0,0,0,0,0,1,20250901,20260621
6_1_6_10_9_1,1,1,1,1,1,0,0,20200914,20261231
6_1_7_10_9_2,0,0,0,0,0,1,0,20200914,20261231
6_2_8_10_10_3,0,0,0,0,0,0,1,20260629,20260831
6_2_9_10_10_2,0,0,0,0,0,1,0,20260629,20260831
6_2_11_10_10_1,1,1,1,1,1,0,0,20260629,20260831
6_2_243_10_10_12,0,0,0,0,1,0,0,20260629,20260831
6_6_26_5_12_1,1,1,1,1,1,0,0,20200701,20261231
6_6_196_5_12_9,0,0,0,0,0,1,1,20200701,20261231
6_13_40_5_31_1,1,1,1,1,1,0,0,20250908,20260630
6_20_61_3_1_1,1,1,1,1,1,0,0,20170101,20261231
6_20_65_3_1_7,1,1,1,1,1,1,1,20170101,20261231
6_20_66_3_1_9,0,0,0,0,0,1,1,20170101,20261231
6_21_63_3_3_1,1,1,1,1,1,0,0,20170101,20261231
6_21_154_3_77_11,0,0,0,0,0,0,1,20170101,20261231
6_22_67_5_13_1,1,1,1,1,1,0,0,20200701,20261231
6_22_68_5_13_2,0,0,0,0,0,1,0,20200701,20261231
6_24_75_3_52_1,1,1,1,1,1,0,0,20250908,20260531
6_28_89_5_47_1,1,1,1,1,1,0,0,20200701,20261231
6_31_103_5_39_1,1,1,1,1,1,0,0,20170101,20261231
6_32_104_5_48_1,1,1,1,1,1,0,0,20170101,20261231
6_37_125_5_49_1,1,1,1,1,1,0,0,20200720,20261231
6_37_126_5_49_2,0,0,0,0,0,1,0,20200720,20261231
6_37_127_5_49_11,0,0,0,0,0,0,1,20200720,20261231
6_38_128_5_19_1,1,1,1,1,1,0,0,20200701,20261231
6_38_129_5_19_2,0,0,0,0,0,1,0,20200701,20261231
6_38_130_5_19_3,0,0,0,0,0,0,1,20200701,20261231
6_40_212_5_18_1,1,1,1,1,1,0,0,20170701,20261231
6_40_213_5_18_16,0,1,0,1,0,0,0,20170701,20261231
6_40_246_5_18_10,1,0,1,0,1,0,0,20170701,20261231
6_44_184_4_6_1,1,1,1,1,1,0,0,20200701,20261231
6_44_185_4_6_2,0,0,0,0,0,1,0,20200701,20261231
6_45_17_4_7_6,1,0,0,0,0,0,0,20260629,20260906
6_45_120_4_7_11,0,0,0,0,0,0,1,20260629,20260906
6_45_156_4_7_2,0,0,0,0,0,1,0,20260629,20260906
6_45_157_4_7_1,1,1,1,1,1,0,0,20260629,20260906
6_47_134_5_50_1,1,1,1,1,1,0,0,20250908,20260630
6_48_188_5_4_1,1,1,1,1,1,0,0,20200701,20261231
6_48_240_5_4_2,0,0,0,0,0,1,0,20200701,20261231
6_48_241_5_4_11,0,0,0,0,0,0,1,20200701,20261231
6_49_189_5_5_1,1,1,1,1,1,0,0,20200701,20261231
6_49_190_5_5_2,0,0,0,0,0,1,0,20200701,20261231
6_49_191_5_5_3,0,0,0,0,0,0,1,20200701,20261231
6_50_192_5_11_1,1,1,1,1,1,0,0,20200701,20261231
6_50_193_5_11_3,0,0,0,0,0,0,1,20200701,20261231
6_50_194_5_11_2,0,0,0,0,0,1,0,20200701,20261231
6_50_202_5_11_12,0,0,0,0,1,0,0,20200701,20261231
6_51_198_5_15_1,1,1,1,1,1,0,0,20200701,20261231
6_51_200_5_15_2,0,0,0,0,0,1,0,20200701,20261231
6_51_201_5_15_3,0,0,0,0,0,0,1,20200701,20261231
6_52_140_4_7_1,1,1,1,1,1,0,0,20250908,20260628
6_52_141_4_7_3,0,0,0,0,0,0,1,20250908,20260628
6_52_142_4_7_2,0,0,0,0,0,1,0,20250908,20260628
6_52_214_4_7_6,1,0,0,0,0,0,0,20250908,20260628
6_53_207_5_17_1,1,1,1,1,1,0,0,20210520,20261231
6_53_208_5_17_2,0,0,0,0,0,1,0,20210520,20261231
6_53_209_5_17_3,0,0,0,0,0,0,1,20210520,20261231
6_54_215_5_21_1,1,1,1,1,1,0,0,20200701,20261231
6_54_242_5_21_2,0,0,0,0,0,1,0,20200701,20261231
6_55_216_5_22_1,1,1,1,1,1,0,0,20200701,20261231
6_56_217_5_32_1,1,1,1,1,1,0,0,20200701,20261231
6_56_218_5_32_2,0,0,0,0,0,1,0,20200701,20261231
6_56_219_5_32_3,0,0,0,0,0,0,1,20200701,20261231
6_57_220_3_26_2,0,0,0,0,0,1,0,20200701,20261231
6_57_244_3_26_1,1,1,1,1,1,0,0,20200701,20261231
6_58_149_3_29_1,1,1,1,1,1,0,0,20200701,20261231
6_59_221_5_37_1,1,1,1,1,1,0,0,20200701,20261231
6_60_131_5_38_1,1,1,1,1,1,0,0,20200701,20261231
6_60_231_5_38_9,0,0,0,0,0,1,1,20200701,20261231
6_61_222_5_40_1,1,1,1,1,1,0,0,20200701,20261231
6_61_223_5_40_2,0,0,0,0,0,1,0,20200701,20261231
6_61_224_5_40_3,0,0,0,0,0,0,1,20200701,20261231
6_62_225_5_41_7,1,1,1,1,1,1,1,20200701,20261231
6_62_245_5_41_1,1,1,1,1,1,0,0,20200701,20261231
6_63_160_10_10_12,0,0,0,0,1,0,0,20250901,20260628
6_63_162_10_10_10,1,0,1,0,1,0,0,20250901,20260628
6_63_227_10_10_1,1,1,1,1,1,0,0,20250901,20260628
6_63_228_10_10_2,0,0,0,0,0,1,0,20250901,20260628
6_63_229_10_10_3,0,0,0,0,0,0,1,20250901,20260628
6_67_178_3_97_1,1,1,1,1,1,0,0,20220714,20261231
6_67_251_3_97_2,0,0,0,0,0,1,0,20220714,20261231
6_75_255_5_115_1,1,1,1,1,1,0,0,20260302,20260710
6_76_256_5_116_1,1,1,1,1,1,0,0,20260302,20260710
7_214_367_9_32_1,1,1,1,1,1,0,0,20220118,20260630
7_214_367_9_34_1,1,1,1,1,1,0,0,20220118,20260630
7_214_367_9_35_1,1,1,1,1,1,0,0,20220118,20260630
7_214_368_9_32_3,0,0,0,0,0,1,0,20220118,20260630
7_214_368_9_35_3,0,0,0,0,0,1,0,20220118,20260630
7_214_369_9_32_8,0,0,0,0,0,0,1,20220118,20260630
7_214_369_9_35_8,0,0,0,0,0,0,1,20220118,20260630
7_220_385_4_44_1,1,1,1,1,1,0,0,20220901,20260601
7_220_385_4_45_1,1,1,1,1,1,0,0,20220901,20260601
7_220_385_4_49_1,1,1,1,1,1,0,0,20220901,20260601
7_220_385_4_176_1,1,1,1,1,1,0,0,20220901,20260601
7_220_386_4_44_3,0,0,0,0,0,1,0,20220901,20260601
7_220_386_4_45_3,0,0,0,0,0,1,0,20220901,20260601
7_220_386_4_49_3,0,0,0,0,0,1,0,20220901,20260601
7_268_393_2_55_1,1,1,1,1,1,0,0,20250901,20260630
7_268_393_2_56_1,1,1,1,1,1,0,0,20250901,20260630
7_268_394_2_56_3,0,0,0,0,0,1,0,20250901,20260630
7_274_469_5_71_3,0,0,0,0,0,1,0,20250901,20260630
7_274_469_5_278_3,0,0,0,0,0,1,0,20250901,20260630
7_274_469_5_279_3,0,0,0,0,0,1,0,20250901,20260630
7_274_469_5_280_3,0,0,0,0,0,1,0,20250901,20260630
7_274_469_5_281_3,0,0,0,0,0,1,0,20250901,20260630
7_274_469_5_283_3,0,0,0,0,0,1,0,20250901,20260630
7_274_469_5_287_3,0,0,0,0,0,1,0,20250901,20260630
7_274_469_5_322_3,0,0,0,0,0,1,0,20250901,20260630
7_274_471_5_278_8,0,0,0,0,0,0,1,20250901,20260630
7_274_471_5_279_8,0,0,0,0,0,0,1,20250901,20260630
7_274_471_5_281_8,0,0,0,0,0,0,1,20250901,20260630
7_274_471_5_283_8,0,0,0,0,0,0,1,20250901,20260630
7_274_471_5_289_8,0,0,0,0,0,0,1,20250901,20260630
7_274_471_5_322_8,0,0,0,0,0,0,1,20250901,20260630
7_274_477_5_71_1,1,1,1,1,1,0,0,20250901,20260630
7_274_477_5_278_1,1,1,1,1,1,0,0,20250901,20260630
7_274_477_5_279_1,1,1,1,1,1,0,0,20250901,20260630
7_274_477_5_281_1,1,1,1,1,1,0,0,20250901,20260630
7_274_477_5_282_1,1,1,1,1,1,0,0,20250901,20260630
7_274_477_5_283_1,1,1,1,1,1,0,0,20250901,20260630
7_274_477_5_285_1,1,1,1,1,1,0,0,20250901,20260630
7_274_477_5_286_1,1,1,1,1,1,0,0,20250901,20260630
7_274_477_5_287_1,1,1,1,1,1,0,0,20250901,20260630
7_274_477_5_288_1,1,1,1,1,1,0,0,20250901,20260630
7_274_477_5_289_1,1,1,1,1,1,0,0,20250901,20260630
7_274_477_5_322_1,1,1,1,1,1,0,0,20250901,20260630
7_276_382_6_14_1,1,1,1,1,1,0,0,20250915,20260630
7_276_382_6_17_1,1,1,1,1,1,0,0,20250915,20260630
7_276_382_6_18_1,1,1,1,1,1,0,0,20250915,20260630
7_276_382_6_19_1,1,1,1,1,1,0,0,20250915,20260630
7_276_382_6_20_1,1,1,1,1,1,0,0,20250915,20260630
7_276_382_6_21_1,1,1,1,1,1,0,0,20250915,20260630
7_276_382_6_22_1,1,1,1,1,1,0,0,20250915,20260630
7_276_383_6_14_3,0,0,0,0,0,1,0,20250915,20260630
7_276_383_6_15_3,0,0,0,0,0,1,0,20250915,20260630
7_276_383_6_17_3,0,0,0,0,0,1,0,20250915,20260630
7_276_383_6_18_3,0,0,0,0,0,1,0,20250915,20260630
7_276_383_6_22_3,0,0,0,0,0,1,0,20250915,20260630
7_277_497_17_203_1,1,1,1,1,1,0,0,20250901,20260630
7_277_497_17_205_1,1,1,1,1,1,0,0,20250901,20260630
7_277_498_17_203_3,0,0,0,0,0,1,0,20250901,20260630
7_277_499_17_203_8,0,0,0,0,0,0,1,20250901,20260630
7_278_472_10_60_1,1,1,1,1,1,0,0,20250901,20260630
7_278_472_10_294_1,1,1,1,1,1,0,0,20250901,20260630
7_282_494_3_61_1,1,1,1,1,1,0,0,20260108,20260630
7_282_494_3_62_1,1,1,1,1,1,0,0,20260108,20260630
7_282_494_3_216_1,1,1,1,1,1,0,0,20260108,20260630
7_282_494_3_254_1,1,1,1,1,1,0,0,20260108,20260630
7_282_494_3_255_1,1,1,1,1,1,0,0,20260108,20260630
7_282_494_3_276_1,1,1,1,1,1,0,0,20260108,20260630
7_282_494_3_321_1,1,1,1,1,1,0,0,20260108,20260630
7_282_495_3_62_3,0,0,0,0,0,1,0,20260108,20260630
7_282_495_3_255_3,0,0,0,0,0,1,0,20260108,20260630
7_282_495_3_276_3,0,0,0,0,0,1,0,20260108,20260630
7_282_505_3_62_8,0,0,0,0,0,0,1,20260108,20260630
7_282_505_3_276_8,0,0,0,0,0,0,1,20260108,20260630
8_472_744_12_11_1,1,1,1,1,1,0,0,20250909,20260630
8_472_745_12_11_4,0,0,0,0,0,1,0,20250909,20260630
8_472_746_12_11_5,0,0,0,0,0,0,1,20250909,20260630
8_473_747_10_13_1,1,1,1,1,1,0,0,20250909,20260630
8_473_747_10_16_1,1,1,1,1,1,0,0,20250909,20260630
8_473_747_10_17_1,1,1,1,1,1,0,0,20250909,20260630
8_473_748_10_13_4,0,0,0,0,0,1,0,20250909,20260630
8_473_748_10_16_4,0,0,0,0,0,1,0,20250909,20260630
8_473_748_10_17_4,0,0,0,0,0,1,0,20250909,20260630
8_473_749_10_13_5,0,0,0,0,0,0,1,20250909,20260630
8_473_749_10_16_5,0,0,0,0,0,0,1,20250909,20260630
8_473_749_10_17_5,0,0,0,0,0,0,1,20250909,20260630
8_474_4_11_14_1,1,1,1,1,1,0,0,20250930,20260630
8_474_5_11_14_4,0,0,0,0,0,1,0,20250930,20260630
8_558_757_9_8_7,1,0,0,0,0,0,0,20251220,20260630
8_558_757_9_9_7,1,0,0,0,0,0,0,20251220,20260630
8_558_757_9_10_7,1,0,0,0,0,0,0,20251220,20260630
8_558_757_9_12_7,1,0,0,0,0,0,0,20251220,20260630
8_558_757_9_18_7,1,0,0,0,0,0,0,20251220,20260630
8_558_758_9_8_8,0,1,1,1,0,0,0,20251220,20260630
8_558_758_9_9_8,0,1,1,1,0,0,0,20251220,20260630
8_558_758_9_10_8,0,1,1,1,0,0,0,20251220,20260630
8_558_758_9_12_8,0,1,1,1,0,0,0,20251220,20260630
8_558_758_9_18_8,0,1,1,1,0,0,0,20251220,20260630
8_558_759_9_8_3,0,0,0,0,1,0,0,20251220,20260630
8_558_759_9_9_3,0,0,0,0,1,0,0,20251220,20260630
8_558_759_9_10_3,0,0,0,0,1,0,0,20251220,20260630
8_558_759_9_12_3,0,0,0,0,1,0,0,20251220,20260630
8_558_759_9_18_3,0,0,0,0,1,0,0,20251220,20260630
8_558_760_9_8_4,0,0,0,0,0,1,0,20251220,20260630
8_558_760_9_9_4,0,0,0,0,0,1,0,20251220,20260630
8_558_760_9_10_4,0,0,0,0,0,1,0,20251220,20260630
8_558_760_9_12_4,0,0,0,0,0,1,0,20251220,20260630
8_558_760_9_18_4,0,0,0,0,0,1,0,20251220,20260630
8_558_761_9_9_5,0,0,0,0,0,0,1,20251220,20260630
8_558_761_9_10_5,0,0,0,0,0,0,1,20251220,20260630
8_558_761_9_12_5,0,0,0,0,0,0,1,20251220,20260630
8_558_761_9_18_5,0,0,0,0,0,0,1,20251220,20260630
8_565_443_6_15_1,1,1,1,1,1,0,0,20251220,20260630
9_100_255_6_3_2,1,1,1,1,1,0,0,20250901,20260630
9_100_255_6_5_2,1,1,1,1,1,0,0,20250901,20260630
9_100_255_6_6_2,1,1,1,1,1,0,0,20250901,20260630
9_100_255_6_7_2,1,1,1,1,1,0,0,20250901,20260630
9_100_255_6_8_2,1,1,1,1,1,0,0,20250901,20260630
9_100_255_6_9_2,1,1,1,1,1,0,0,20250901,20260630
9_100_255_6_15_2,1,1,1,1,1,0,0,20250901,20260630
9_100_255_6_16_2,1,1,1,1,1,0,0,20250901,20260630
9_100_255_6_17_2,1,1,1,1,1,0,0,20250901,20260630
9_100_255_6_20_2,1,1,1,1,1,0,0,20250901,20260630
9_100_255_6_21_2,1,1,1,1,1,0,0,20250901,20260630
9_100_255_6_22_2,1,1,1,1,1,0,0,20250901,20260630
9_100_255_6_23_2,1,1,1,1,1,0,0,20250901,20260630
9_100_255_6_24_2,1,1,1,1,1,0,0,20250901,20260630
9_100_255_6_25_2,1,1,1,1,1,0,0,20250901,20260630
9_100_255_6_26_2,1,1,1,1,1,0,0,20250901,20260630
9_100_255_6_27_2,1,1,1,1,1,0,0,20250901,20260630
9_100_255_6_28_2,1,1,1,1,1,0,0,20250901,20260630
9_100_255_6_29_2,1,1,1,1,1,0,0,20250901,20260630
9_100_255_6_30_2,1,1,1,1,1,0,0,20250901,20260630
9_100_255_6_31_2,1,1,1,1,1,0,0,20250901,20260630
9_100_255_6_32_2,1,1,1,1,1,0,0,20250901,20260630
9_100_255_6_33_2,1,1,1,1,1,0,0,20250901,20260630
9_100_255_6_34_2,1,1,1,1,1,0,0,20250901,20260630
9_100_255_6_35_2,1,1,1,1,1,0,0,20250901,20260630
9_100_255_6_36_2,1,1,1,1,1,0,0,20250901,20260630
9_100_255_6_43_2,1,1,1,1,1,0,0,20250901,20260630
9_100_255_6_45_2,1,1,1,1,1,0,0,20250901,20260630
9_100_255_6_46_2,1,1,1,1,1,0,0,20250901,20260630
9_100_255_6_47_2,1,1,1,1,1,0,0,20250901,20260630
9_100_255_6_48_2,1,1,1,1,1,0,0,20250901,20260630
9_100_255_6_50_2,1,1,1,1,1,0,0,20250901,20260630
9_100_255_6_54_2,1,1,1,1,1,0,0,20250901,20260630
9_100_255_6_59_2,1,1,1,1,1,0,0,20250901,20260630
9_100_255_6_64_2,1,1,1,1,1,0,0,20250901,20260630
9_100_255_6_66_2,1,1,1,1,1,0,0,20250901,20260630
9_100_255_6_70_2,1,1,1,1,1,0,0,20250901,20260630
9_100_255_6_75_2,1,1,1,1,1,0,0,20250901,20260630
9_100_255_6_76_2,1,1,1,1,1,0,0,20250901,20260630
9_100_257_6_6_3,0,0,0,0,0,1,0,20250901,20260630
9_100_257_6_15_3,0,0,0,0,0,1,0,20250901,20260630
9_100_257_6_16_3,0,0,0,0,0,1,0,20250901,20260630
9_100_257_6_22_3,0,0,0,0,0,1,0,20250901,20260630
9_100_257_6_23_3,0,0,0,0,0,1,0,20250901,20260630
9_100_257_6_24_3,0,0,0,0,0,1,0,20250901,20260630
9_100_257_6_25_3,0,0,0,0,0,1,0,20250901,20260630
9_100_257_6_29_3,0,0,0,0,0,1,0,20250901,20260630
9_100_257_6_33_3,0,0,0,0,0,1,0,20250901,20260630
9_100_257_6_35_3,0,0,0,0,0,1,0,20250901,20260630
9_100_257_6_45_3,0,0,0,0,0,1,0,20250901,20260630
9_100_257_6_46_3,0,0,0,0,0,1,0,20250901,20260630
9_100_257_6_50_3,0,0,0,0,0,1,0,20250901,20260630
9_100_257_6_55_3,0,0,0,0,0,1,0,20250901,20260630
9_100_257_6_59_3,0,0,0,0,0,1,0,20250901,20260630
9_100_257_6_64_3,0,0,0,0,0,1,0,20250901,20260630
9_100_257_6_75_3,0,0,0,0,0,1,0,20250901,20260630
9_100_257_6_76_3,0,0,0,0,0,1,0,20250901,20260630
9_100_259_6_6_4,0,0,0,0,0,0,1,20250901,20260630
9_100_259_6_15_4,0,0,0,0,0,0,1,20250901,20260630
9_100_259_6_16_4,0,0,0,0,0,0,1,20250901,20260630
9_100_259_6_22_4,0,0,0,0,0,0,1,20250901,20260630
9_100_259_6_23_4,0,0,0,0,0,0,1,20250901,20260630
9_100_259_6_24_4,0,0,0,0,0,0,1,20250901,20260630
9_100_259_6_25_4,0,0,0,0,0,0,1,20250901,20260630
9_100_259_6_29_4,0,0,0,0,0,0,1,20250901,20260630
9_100_259_6_33_4,0,0,0,0,0,0,1,20250901,20260630
9_100_259_6_34_4,0,0,0,0,0,0,1,20250901,20260630
9_100_259_6_35_4,0,0,0,0,0,0,1,20250901,20260630
9_100_259_6_45_4,0,0,0,0,0,0,1,20250901,20260630
9_100_259_6_46_4,0,0,0,0,0,0,1,20250901,20260630
9_100_259_6_50_4,0,0,0,0,0,0,1,20250901,20260630
9_100_259_6_59_4,0,0,0,0,0,0,1,20250901,20260630
9_100_259_6_64_4,0,0,0,0,0,0,1,20250901,20260630
9_100_259_6_70_4,0,0,0,0,0,0,1,20250901,20260630
9_100_259_6_75_4,0,0,0,0,0,0,1,20250901,20260630
9_100_259_6_76_4,0,0,0,0,0,0,1,20250901,20260630
